path;start_sec;end_sec;mark;sentence;duration;prediction;phones;timestamps;wer;mer;wil;cer
./audios/SP_DID_250_0.23907_19.87829.wav;0,23907;19,87829;professor Raul... nós gostaríamos primeiramente... que o senhor nos dissesse assim tudo o que o senhor souber... a respeito de::... dinheiro banco finanças... e::... qual o sistema que o senhor conhece de banco sistema interno o que o senhor tiver de:: de conhecimento dentro dessa área para contar para gente... nós gostaríamos que o senhor dissesse por favor;professor raul nós gostaríamos primeiramente que o senhor nos dissesse assim tudo o que o senhor souber a respeito de dinheiro banco finanças e qual o sistema que o senhor conhece de banco sistema interno o que o senhor tiver de de conhecimento dentro dessa área para contar para gente nós gostaríamos que o senhor dissesse por favor;19,639219999999998;professor ou nós gostaríamos primeiramente que se eu nos dissesse assim tudo o que se souber a respeito de dinheiro banco finanças e qual é o sistema que o senhor conhece do banco o sistema interno o que ative de conhecimento ventress ária pra contar pra gente mas gostariamos sedução;;[{'text': 'professor', 'timestamp': (0.0, 0.38)}, {'text': 'ou', 'timestamp': (0.52, 0.64)}, {'text': 'nós', 'timestamp': (1.48, 1.56)}, {'text': 'gostaríamos', 'timestamp': (1.64, 2.04)}, {'text': 'primeiramente', 'timestamp': (2.12, 2.76)}, {'text': 'que', 'timestamp': (3.0, 3.08)}, {'text': 'se', 'timestamp': (3.16, 3.22)}, {'text': 'eu', 'timestamp': (3.26, 3.3)}, {'text': 'nos', 'timestamp': (3.36, 3.46)}, {'text': 'dissesse', 'timestamp': (3.54, 3.94)}, {'text': 'assim', 'timestamp': (3.98, 4.18)}, {'text': 'tudo', 'timestamp': (4.38, 4.5)}, {'text': 'o', 'timestamp': (4.52, 4.54)}, {'text': 'que', 'timestamp': (4.56, 4.66)}, {'text': 'se', 'timestamp': (4.74, 4.78)}, {'text': 'souber', 'timestamp': (4.9, 5.22)}, {'text': 'a', 'timestamp': (5.58, 5.6)}, {'text': 'respeito', 'timestamp': (5.68, 6.12)}, {'text': 'de', 'timestamp': (6.26, 6.32)}, {'text': 'dinheiro', 'timestamp': (7.04, 7.52)}, {'text': 'banco', 'timestamp': (7.68, 8.04)}, {'text': 'finanças', 'timestamp': (8.18, 8.82)}, {'text': 'e', 'timestamp': (9.42, 9.44)}, {'text': 'qual', 'timestamp': (10.14, 10.26)}, {'text': 'é', 'timestamp': (10.28, 10.3)}, {'text': 'o', 'timestamp': (10.34, 10.36)}, {'text': 'sistema', 'timestamp': (10.42, 10.92)}, {'text': 'que', 'timestamp': (11.06, 11.12)}, {'text': 'o', 'timestamp': (11.2, 11.22)}, {'text': 'senhor', 'timestamp': (11.28, 11.5)}, {'text': 'conhece', 'timestamp': (11.6, 12.0)}, {'text': 'do', 'timestamp': (12.1, 12.16)}, {'text': 'banco', 'timestamp': (12.26, 12.52)}, {'text': 'o', 'timestamp': (12.56, 12.62)}, {'text': 'sistema', 'timestamp': (12.68, 12.98)}, {'text': 'interno', 'timestamp': (13.06, 13.58)}, {'text': 'o', 'timestamp': (13.74, 13.78)}, {'text': 'que', 'timestamp': (13.82, 13.9)}, {'text': 'ative', 'timestamp': (14.06, 14.34)}, {'text': 'de', 'timestamp': (14.6, 15.28)}, {'text': 'conhecimento', 'timestamp': (15.38, 15.98)}, {'text': 'ventress', 'timestamp': (16.14, 16.54)}, {'text': 'ária', 'timestamp': (16.62, 16.8)}, {'text': 'pra', 'timestamp': (16.84, 16.96)}, {'text': 'contar', 'timestamp': (17.0, 17.22)}, {'text': 'pra', 'timestamp': (17.26, 17.44)}, {'text': 'gente', 'timestamp': (17.48, 17.74)}, {'text': 'mas', 'timestamp': (18.12, 18.2)}, {'text': 'gostariamos', 'timestamp': (18.26, 18.6)}, {'text': 'sedução', 'timestamp': (18.72, 19.54)}];0,43103448275862066;0,4166666666666667;0,5775862068965518;0,2132132132132132
./audios/SP_DID_250_50.35711_50.57092.wav;50,35711;50,57092;hum;uh;0,21381000000000228;e ia;;[{'text': 'e', 'timestamp': (0.56, 0.66)}, {'text': 'ia', 'timestamp': (1.02, 1.18)}];2,0;1,0;1,0;2,0
./audios/SP_DID_250_69.64085_69.84725.wav;69,64085;69,84725;hum;uh;0,20640000000000214;a;;[{'text': 'a', 'timestamp': (1.54, 1.86)}];1,0;1,0;1,0;1,0
./audios/SP_DID_250_96.17593_96.49096.wav;96,17593;96,49096;uhn uhn;uh uh;0,31503000000000725;um;;[{'text': 'um', 'timestamp': (1.04, 1.26)}];1,0;1,0;1,0;0,8
./audios/SP_DID_250_122.06128_122.60546.wav;122,06128;122,60546;uhn uhn;uh uh;0,5441799999999972;vi;;[{'text': 'vi', 'timestamp': (1.24, 1.3)}];1,0;1,0;1,0;1,0
./audios/SP_DID_250_222.57247_231.79258.wav;222,57247;231,79258;professor... quando um empregado... é demitido assim... de u::ma fábrica... ou de uma indústria... qual é a situação em que ele se encontra o senhor sabe?;professor quando um empregado é demitido assim de uma fábrica ou de uma indústria qual é a situação em que ele se encontra o senhor sabe;9,220109999999977;a pessoa quando um empregado é demitido assim de uma fábrica ou de uma indústria qual é a situação em que ele se encontra forçado;;[{'text': 'a', 'timestamp': (0.12, 0.14)}, {'text': 'pessoa', 'timestamp': (0.16, 0.38)}, {'text': 'quando', 'timestamp': (0.6, 0.76)}, {'text': 'um', 'timestamp': (0.86, 0.9)}, {'text': 'empregado', 'timestamp': (0.96, 1.54)}, {'text': 'é', 'timestamp': (2.68, 2.7)}, {'text': 'demitido', 'timestamp': (2.78, 3.24)}, {'text': 'assim', 'timestamp': (3.3, 3.5)}, {'text': 'de', 'timestamp': (4.16, 4.2)}, {'text': 'uma', 'timestamp': (4.3, 4.6)}, {'text': 'fábrica', 'timestamp': (4.78, 5.28)}, {'text': 'ou', 'timestamp': (5.66, 5.72)}, {'text': 'de', 'timestamp': (5.82, 5.88)}, {'text': 'uma', 'timestamp': (5.92, 6.02)}, {'text': 'indústria', 'timestamp': (6.1, 6.58)}, {'text': 'qual', 'timestamp': (7.02, 7.12)}, {'text': 'é', 'timestamp': (7.16, 7.18)}, {'text': 'a', 'timestamp': (7.26, 7.28)}, {'text': 'situação', 'timestamp': (7.32, 7.74)}, {'text': 'em', 'timestamp': (7.8, 7.84)}, {'text': 'que', 'timestamp': (7.86, 7.94)}, {'text': 'ele', 'timestamp': (7.96, 8.06)}, {'text': 'se', 'timestamp': (8.12, 8.2)}, {'text': 'encontra', 'timestamp': (8.22, 8.56)}, {'text': 'forçado', 'timestamp': (8.66, 9.1)}];0,19230769230769232;0,18518518518518517;0,25538461538461543;0,11029411764705882
./audios/SP_DID_250_346.60621_346.91783.wav;346,60621;346,91783;uhn uhn;uh uh;0,3116200000000049;a;;[{'text': 'a', 'timestamp': (1.42, 1.44)}];1,0;1,0;1,0;1,0
./audios/SP_DID_250_423.60086_423.80734.wav;423,60086;423,80734;(certo);certo;0,2064799999999991;da;;[{'text': 'da', 'timestamp': (1.08, 1.16)}];1,0;1,0;1,0;1,0
./audios/SP_DID_250_424.65908_430.71719.wav;424,65908;430,71719;quando um empregado professor ele sai por contra... por conta própria... quais os direitos que competem a ele?;quando um empregado professor ele sai por contra por conta própria quais os direitos que competem a ele;6,058109999999999;quando o empregado o professor sai por conta própria quais os direitos que competem a ele;;[{'text': 'quando', 'timestamp': (0.0, 0.16)}, {'text': 'o', 'timestamp': (0.18, 0.2)}, {'text': 'empregado', 'timestamp': (0.3, 0.78)}, {'text': 'o', 'timestamp': (0.84, 0.86)}, {'text': 'professor', 'timestamp': (0.92, 1.36)}, {'text': 'sai', 'timestamp': (1.84, 1.98)}, {'text': 'por', 'timestamp': (2.94, 3.0)}, {'text': 'conta', 'timestamp': (3.1, 3.34)}, {'text': 'própria', 'timestamp': (3.5, 3.96)}, {'text': 'quais', 'timestamp': (4.3, 4.42)}, {'text': 'os', 'timestamp': (4.56, 4.6)}, {'text': 'direitos', 'timestamp': (4.68, 5.0)}, {'text': 'que', 'timestamp': (5.06, 5.16)}, {'text': 'competem', 'timestamp': (5.24, 5.68)}, {'text': 'a', 'timestamp': (5.76, 5.78)}, {'text': 'ele', 'timestamp': (5.84, 6.0)}];0,2777777777777778;0,2631578947368421;0,3194444444444444;0,18446601941747573
./audios/SP_DID_250_492.14_492.47584.wav;492,14;492,47584;uhn uhn;uh uh;0,3358400000000188;e;;[{'text': 'e', 'timestamp': (1.46, 1.48)}];1,0;1,0;1,0;1,0
./audios/SP_DID_250_550.17913_550.57485.wav;550,17913;550,57485;uhn hum;uh uh;0,395719999999983;tire;;[{'text': 'tire', 'timestamp': (0.72, 1.3)}];1,0;1,0;1,0;1,0
./audios/SP_DID_250_558.33463_561.13943.wav;558,33463;561,13943;como é que era feito o acordo antes do Fundo de Garantia?;como é que era feito o acordo antes do fundo de garantia;2,8048;como é que ela é feito o acordo antes do fundo de garantia;;[{'text': 'como', 'timestamp': (0.04, 0.12)}, {'text': 'é', 'timestamp': (0.18, 0.2)}, {'text': 'que', 'timestamp': (0.22, 0.3)}, {'text': 'ela', 'timestamp': (0.32, 0.4)}, {'text': 'é', 'timestamp': (0.42, 0.44)}, {'text': 'feito', 'timestamp': (0.58, 0.78)}, {'text': 'o', 'timestamp': (0.86, 0.88)}, {'text': 'acordo', 'timestamp': (0.92, 1.34)}, {'text': 'antes', 'timestamp': (1.44, 1.68)}, {'text': 'do', 'timestamp': (1.76, 1.82)}, {'text': 'fundo', 'timestamp': (1.92, 2.06)}, {'text': 'de', 'timestamp': (2.12, 2.16)}, {'text': 'garantia', 'timestamp': (2.22, 2.72)}];0,16666666666666666;0,15384615384615385;0,22435897435897445;0,05357142857142857
./audios/SP_DID_250_561.13943_562.67148.wav;561,13943;562,67148;quando não havia Fundo de Garantia?;quando não havia fundo de garantia;1,5320500000000266;quando não havia fundo de garantia;;[{'text': 'quando', 'timestamp': (0.04, 0.2)}, {'text': 'não', 'timestamp': (0.22, 0.3)}, {'text': 'havia', 'timestamp': (0.34, 0.6)}, {'text': 'fundo', 'timestamp': (0.72, 0.86)}, {'text': 'de', 'timestamp': (0.92, 0.96)}, {'text': 'garantia', 'timestamp': (1.0, 1.46)}];0,0;0,0;0,0;0,0
./audios/SP_DID_250_795.00265_795.22186.wav;795,00265;795,22186;uhum;aham;0,21920999999997548;e;;[{'text': 'e', 'timestamp': (0.8, 0.84)}];1,0;1,0;1,0;1,0
./audios/SP_DID_250_796.13586_802.56531.wav;796,13586;802,56531;professor quando normalmente... se empresta dinheiro de alguém... quais as condições de pagamento que as pessoas propõem?;professor quando normalmente se empresta dinheiro de alguém quais as condições de pagamento que as pessoas propõem;6,429449999999974;pessoa quando normalmente se empresta dinheiro de alguém quais as condições de pagamento que as pessoas propõem;;[{'text': 'pessoa', 'timestamp': (0.0, 0.38)}, {'text': 'quando', 'timestamp': (0.44, 0.62)}, {'text': 'normalmente', 'timestamp': (0.72, 1.36)}, {'text': 'se', 'timestamp': (1.84, 1.92)}, {'text': 'empresta', 'timestamp': (1.96, 2.38)}, {'text': 'dinheiro', 'timestamp': (2.5, 2.84)}, {'text': 'de', 'timestamp': (2.94, 2.98)}, {'text': 'alguém', 'timestamp': (3.04, 3.32)}, {'text': 'quais', 'timestamp': (3.96, 4.1)}, {'text': 'as', 'timestamp': (4.18, 4.22)}, {'text': 'condições', 'timestamp': (4.3, 4.66)}, {'text': 'de', 'timestamp': (4.7, 4.74)}, {'text': 'pagamento', 'timestamp': (4.82, 5.24)}, {'text': 'que', 'timestamp': (5.34, 5.4)}, {'text': 'as', 'timestamp': (5.44, 5.5)}, {'text': 'pessoas', 'timestamp': (5.56, 5.88)}, {'text': 'propõem', 'timestamp': (5.98, 6.36)}];0,058823529411764705;0,058823529411764705;0,11418685121107264;0,03508771929824561
./audios/SP_DID_250_877.176_877.56765.wav;877,176;877,56765;uhn hum;uh uh;0,39164999999991323;ouvi;;[{'text': 'ouvi', 'timestamp': (1.04, 1.28)}];1,0;1,0;1,0;1,0
./audios/SP_DID_250_922.94198_923.26759.wav;922,94198;923,26759;uhn hum;uh uh;0,325610000000097;eu;;[{'text': 'eu', 'timestamp': (1.04, 1.22)}];1,0;1,0;1,0;0,8
./audios/SP_DID_250_938.22889_938.53099.wav;938,22889;938,53099;uhn hum;uh uh;0,3020999999999958;o;;[{'text': 'o', 'timestamp': (0.82, 0.86)}];1,0;1,0;1,0;1,0
./audios/SP_DID_250_990.74922_991.08.wav;990,74922;991,08;uhum;aham;0,3307800000000043;tive;;[{'text': 'tive', 'timestamp': (0.7, 1.26)}];1,0;1,0;1,0;1,0
./audios/SP_DID_250_991.833_995.46446.wav;991,833;995,46446;como é o senhor sabe como é denominada a pessoa que empresta dinheiro?;como é o senhor sabe como é denominada a pessoa que empresta dinheiro;3,631460000000061;como você você sabe como é que é denominada pessoa que empresta dinheiro;;[{'text': 'como', 'timestamp': (0.0, 0.1)}, {'text': 'você', 'timestamp': (0.12, 0.22)}, {'text': 'você', 'timestamp': (0.24, 0.38)}, {'text': 'sabe', 'timestamp': (0.42, 0.54)}, {'text': 'como', 'timestamp': (0.6, 0.7)}, {'text': 'é', 'timestamp': (0.74, 0.76)}, {'text': 'que', 'timestamp': (0.82, 0.88)}, {'text': 'é', 'timestamp': (0.92, 0.94)}, {'text': 'denominada', 'timestamp': (1.02, 1.54)}, {'text': 'pessoa', 'timestamp': (1.68, 2.16)}, {'text': 'que', 'timestamp': (2.32, 2.38)}, {'text': 'empresta', 'timestamp': (2.52, 2.96)}, {'text': 'dinheiro', 'timestamp': (3.08, 3.46)}];0,46153846153846156;0,4;0,5207100591715976;0,2463768115942029
./audios/SP_DID_250_996.86243_1000.30851.wav;996,86243;1000,30851;o senhor sabe como é que é denominada... a:: pessoa que emPRESta dinheiro?;o senhor sabe como é que é denominada a pessoa que empresta dinheiro;3,446079999999938;você sabe como é que é denominada a pessoa que empresta dinheiro;;[{'text': 'você', 'timestamp': (0.04, 0.14)}, {'text': 'sabe', 'timestamp': (0.18, 0.28)}, {'text': 'como', 'timestamp': (0.34, 0.46)}, {'text': 'é', 'timestamp': (0.48, 0.5)}, {'text': 'que', 'timestamp': (0.56, 0.62)}, {'text': 'é', 'timestamp': (0.66, 0.68)}, {'text': 'denominada', 'timestamp': (0.74, 1.72)}, {'text': 'a', 'timestamp': (1.92, 1.94)}, {'text': 'pessoa', 'timestamp': (2.02, 2.36)}, {'text': 'que', 'timestamp': (2.46, 2.54)}, {'text': 'empresta', 'timestamp': (2.6, 3.02)}, {'text': 'dinheiro', 'timestamp': (3.12, 3.4)}];0,15384615384615385;0,15384615384615385;0,22435897435897445;0,11764705882352941
./audios/SP_DID_250_1034.20621_1037.83199.wav;1034,20621;1037,83199; e depois que um advogado termina os seus serviços o que é que ele exige?;e depois que um advogado termina os seus serviços o que é que ele exige;3,6257799999998497;e depois que um advogado termina seus serviços o que é que ele eseje;;[{'text': 'e', 'timestamp': (0.04, 0.06)}, {'text': 'depois', 'timestamp': (0.12, 0.36)}, {'text': 'que', 'timestamp': (0.44, 0.54)}, {'text': 'um', 'timestamp': (0.56, 0.6)}, {'text': 'advogado', 'timestamp': (0.66, 1.16)}, {'text': 'termina', 'timestamp': (1.32, 1.66)}, {'text': 'seus', 'timestamp': (1.8, 1.92)}, {'text': 'serviços', 'timestamp': (2.0, 2.6)}, {'text': 'o', 'timestamp': (2.68, 2.7)}, {'text': 'que', 'timestamp': (2.74, 2.8)}, {'text': 'é', 'timestamp': (2.84, 2.86)}, {'text': 'que', 'timestamp': (2.9, 2.98)}, {'text': 'ele', 'timestamp': (3.04, 3.12)}, {'text': 'eseje', 'timestamp': (3.2, 3.58)}];0,13333333333333333;0,13333333333333333;0,1952380952380952;0,08450704225352113
./audios/SP_DID_250_1044.46648_1044.72604.wav;1044,46648;1044,72604;isso;isso;0,25955999999996493;e;;[{'text': 'e', 'timestamp': (1.04, 1.06)}];1,0;1,0;1,0;1,0
./audios/SP_DID_250_1137.7_1137.86629.wav;1137,7;1137,86629;uhum;aham;0,16628999999988991;e;;[{'text': 'e', 'timestamp': (0.98, 1.0)}];1,0;1,0;1,0;1,0
./audios/SP_DID_250_1141.3419_1147.03553.wav;1141,3419;1147,03553;professor Raul... quando uma fábrica não tem mais condições... de sobreviver... qual é a situação dessa fábrica?;professor raul quando uma fábrica não tem mais condições de sobreviver qual é a situação dessa fábrica;5,693630000000212;e se a quando uma fábrica não tem mais condições de sobreviver qual é a situação dessa fábrica;;[{'text': 'e', 'timestamp': (0.0, 0.04)}, {'text': 'se', 'timestamp': (0.18, 0.22)}, {'text': 'a', 'timestamp': (0.4, 0.42)}, {'text': 'quando', 'timestamp': (0.72, 0.88)}, {'text': 'uma', 'timestamp': (0.96, 1.08)}, {'text': 'fábrica', 'timestamp': (1.3, 1.78)}, {'text': 'não', 'timestamp': (1.86, 1.92)}, {'text': 'tem', 'timestamp': (2.0, 2.1)}, {'text': 'mais', 'timestamp': (2.16, 2.3)}, {'text': 'condições', 'timestamp': (2.38, 2.88)}, {'text': 'de', 'timestamp': (3.24, 3.28)}, {'text': 'sobreviver', 'timestamp': (3.36, 4.02)}, {'text': 'qual', 'timestamp': (4.14, 4.24)}, {'text': 'é', 'timestamp': (4.26, 4.28)}, {'text': 'a', 'timestamp': (4.34, 4.36)}, {'text': 'situação', 'timestamp': (4.44, 4.88)}, {'text': 'dessa', 'timestamp': (4.94, 5.18)}, {'text': 'fábrica', 'timestamp': (5.3, 5.64)}];0,17647058823529413;0,16666666666666666;0,2647058823529411;0,09803921568627451
./audios/SP_DID_250_1258.19585_1260.24418.wav;1258,19585;1260,24418;e sem ser em relação aos trabalhadores?;e sem ser em relação aos trabalhadores;2,0483299999998508;e tem que ser em relação ao trabalhador;;[{'text': 'e', 'timestamp': (0.04, 0.06)}, {'text': 'tem', 'timestamp': (0.2, 0.32)}, {'text': 'que', 'timestamp': (0.36, 0.42)}, {'text': 'ser', 'timestamp': (0.5, 0.6)}, {'text': 'em', 'timestamp': (0.68, 0.72)}, {'text': 'relação', 'timestamp': (0.8, 1.16)}, {'text': 'ao', 'timestamp': (1.22, 1.26)}, {'text': 'trabalhador', 'timestamp': (1.32, 1.98)}];0,5714285714285714;0,5;0,7142857142857143;0,21052631578947367
./audios/SP_DID_250_1261.28182_1263.29923.wav;1261,28182;1263,29923;e sem ser em relação ao trabalhador?;e sem ser em relação ao trabalhador;2,0174100000001545;e sem ser em relação ao trabalhador;;[{'text': 'e', 'timestamp': (0.02, 0.04)}, {'text': 'sem', 'timestamp': (0.18, 0.34)}, {'text': 'ser', 'timestamp': (0.48, 0.62)}, {'text': 'em', 'timestamp': (0.68, 0.72)}, {'text': 'relação', 'timestamp': (0.8, 1.16)}, {'text': 'ao', 'timestamp': (1.22, 1.26)}, {'text': 'trabalhador', 'timestamp': (1.32, 1.94)}];0,0;0,0;0,0;0,0
./audios/SP_DID_250_1307.83588_1308.48298.wav;1307,83588;1308,48298;uhum;aham;0,6470999999999094;ii;;[{'text': 'ii', 'timestamp': (1.16, 1.34)}];1,0;1,0;1,0;1,0
./audios/SP_DID_250_1345.30983_1345.62108.wav;1345,30983;1345,62108;uhum;aham;0,3112499999999727;ai;;[{'text': 'ai', 'timestamp': (1.02, 1.22)}];1,0;1,0;1,0;0,75
./audios/SP_DID_250_1352.43459_1366.39361.wav;1352,43459;1366,39361;o senhor falou em dívida... por exemplo quando o senhor vai pagar uma dívida... ou o senhor compra alguma coisa e::... e paga à vista... qual é a vantagem que o senhor pode receber... deste pagamento à vista?;o senhor falou em dívida por exemplo quando o senhor vai pagar uma dívida ou o senhor compra alguma coisa e e paga à vista qual é a vantagem que o senhor pode receber deste pagamento à vista;13,95902000000001;venho falou em dívida por exemplo quando se vai pagar uma dívida o senhor compra alguma coisa e paga a vista qual é a vantagem que o senhor pode receber deste pagamento à vista;;[{'text': 'venho', 'timestamp': (0.06, 0.28)}, {'text': 'falou', 'timestamp': (0.34, 0.52)}, {'text': 'em', 'timestamp': (0.62, 0.68)}, {'text': 'dívida', 'timestamp': (0.76, 1.2)}, {'text': 'por', 'timestamp': (1.96, 2.06)}, {'text': 'exemplo', 'timestamp': (2.1, 2.38)}, {'text': 'quando', 'timestamp': (2.44, 2.6)}, {'text': 'se', 'timestamp': (2.66, 2.72)}, {'text': 'vai', 'timestamp': (2.88, 3.06)}, {'text': 'pagar', 'timestamp': (3.2, 3.5)}, {'text': 'uma', 'timestamp': (3.58, 3.68)}, {'text': 'dívida', 'timestamp': (3.88, 4.3)}, {'text': 'o', 'timestamp': (5.28, 5.32)}, {'text': 'senhor', 'timestamp': (5.56, 5.78)}, {'text': 'compra', 'timestamp': (5.92, 6.14)}, {'text': 'alguma', 'timestamp': (6.2, 6.44)}, {'text': 'coisa', 'timestamp': (6.68, 7.06)}, {'text': 'e', 'timestamp': (7.2, 7.22)}, {'text': 'paga', 'timestamp': (8.18, 8.44)}, {'text': 'a', 'timestamp': (8.52, 8.54)}, {'text': 'vista', 'timestamp': (8.68, 9.06)}, {'text': 'qual', 'timestamp': (9.5, 9.6)}, {'text': 'é', 'timestamp': (9.66, 9.68)}, {'text': 'a', 'timestamp': (9.74, 9.76)}, {'text': 'vantagem', 'timestamp': (9.8, 10.18)}, {'text': 'que', 'timestamp': (10.22, 10.3)}, {'text': 'o', 'timestamp': (10.32, 10.34)}, {'text': 'senhor', 'timestamp': (10.36, 10.5)}, {'text': 'pode', 'timestamp': (10.56, 10.72)}, {'text': 'receber', 'timestamp': (10.82, 11.2)}, {'text': 'deste', 'timestamp': (12.88, 13.06)}, {'text': 'pagamento', 'timestamp': (13.16, 13.54)}, {'text': 'à', 'timestamp': (13.64, 13.66)}, {'text': 'vista', 'timestamp': (13.72, 13.9)}];0,18421052631578946;0,18421052631578946;0,25619195046439636;0,08421052631578947
./audios/SP_DID_250_1373.33126_1373.70831.wav;1373,33126;1373,70831;uhn uhn;uh uh;0,37705000000005384;ii;;[{'text': 'ii', 'timestamp': (1.02, 1.24)}];1,0;1,0;1,0;1,0
./audios/SP_DID_250_1494.23262_1497.85713.wav;1494,23262;1497,85713;professor o que que é necessário para o senhor guardar o dinheiro no banco?;professor o que que é necessário para o senhor guardar o dinheiro no banco;3,6245100000001003;professor o que me prestado para o senhor guardar o dinheiro no banco;;[{'text': 'professor', 'timestamp': (0.1, 0.46)}, {'text': 'o', 'timestamp': (0.6, 0.62)}, {'text': 'que', 'timestamp': (0.68, 0.88)}, {'text': 'me', 'timestamp': (0.98, 1.02)}, {'text': 'prestado', 'timestamp': (1.12, 1.6)}, {'text': 'para', 'timestamp': (1.64, 1.74)}, {'text': 'o', 'timestamp': (1.76, 1.78)}, {'text': 'senhor', 'timestamp': (1.86, 2.1)}, {'text': 'guardar', 'timestamp': (2.22, 2.64)}, {'text': 'o', 'timestamp': (2.72, 2.74)}, {'text': 'dinheiro', 'timestamp': (2.78, 3.12)}, {'text': 'no', 'timestamp': (3.22, 3.3)}, {'text': 'banco', 'timestamp': (3.38, 3.56)}];0,21428571428571427;0,21428571428571427;0,3351648351648352;0,14864864864864866
./audios/SP_DID_250_1498.76305_1502.22159.wav;1498,76305;1502,22159;o que que o senhor precisa fazer para o senhor conseguir guardar o dinheiro no banco?;o que que o senhor precisa fazer para o senhor conseguir guardar o dinheiro no banco;3,4585400000000845;o que se precisa fazer para se conseguir guardar o dinheiro no banco;;[{'text': 'o', 'timestamp': (0.02, 0.04)}, {'text': 'que', 'timestamp': (0.08, 0.14)}, {'text': 'se', 'timestamp': (0.28, 0.32)}, {'text': 'precisa', 'timestamp': (0.42, 0.72)}, {'text': 'fazer', 'timestamp': (0.84, 1.18)}, {'text': 'para', 'timestamp': (1.28, 1.36)}, {'text': 'se', 'timestamp': (1.4, 1.44)}, {'text': 'conseguir', 'timestamp': (1.58, 2.0)}, {'text': 'guardar', 'timestamp': (2.4, 2.7)}, {'text': 'o', 'timestamp': (2.78, 2.8)}, {'text': 'dinheiro', 'timestamp': (2.84, 3.08)}, {'text': 'no', 'timestamp': (3.14, 3.2)}, {'text': 'banco', 'timestamp': (3.26, 3.42)}];0,3125;0,3125;0,4182692307692307;0,19047619047619047
./audios/SP_DID_250_1511.60552_1514.1316.wav;1511,60552;1514,1316;((risos))... um pouco de dinheiro então;um pouco de dinheiro então;2,5260799999998653;um pouco de dinheiro então;;[{'text': 'um', 'timestamp': (1.28, 1.32)}, {'text': 'pouco', 'timestamp': (1.44, 1.7)}, {'text': 'de', 'timestamp': (1.8, 1.84)}, {'text': 'dinheiro', 'timestamp': (1.94, 2.26)}, {'text': 'então', 'timestamp': (2.34, 2.5)}];0,0;0,0;0,0;0,0
./audios/SP_DID_250_1518.92672_1519.19228.wav;1518,92672;1519,19228;certo;certo;0,2655600000000504;se a;;[{'text': 'se', 'timestamp': (0.98, 1.04)}, {'text': 'a', 'timestamp': (1.12, 1.14)}];2,0;1,0;1,0;0,8
./audios/SP_DID_250_1654.64217_1663.97828.wav;1654,64217;1663,97828;professor por falar em abrir conta o senhor falou em abrir conta... eu gostaria que o senhor dissesse para gente quais as vantagens... que tem uma pessoa... em abrir conta num banco?;professor por falar em abrir conta o senhor falou em abrir conta eu gostaria que o senhor dissesse para gente quais as vantagens que tem uma pessoa em abrir conta num banco;9,336109999999962;às vezes eu falei em abrir conta se falou em abrir conta eu gostaria de dizer que o senhor cesse pra gente quais as vantagens que tem uma pessoa em abrir conta num banco;;[{'text': 'às', 'timestamp': (0.06, 0.14)}, {'text': 'vezes', 'timestamp': (0.18, 0.32)}, {'text': 'eu', 'timestamp': (0.38, 0.44)}, {'text': 'falei', 'timestamp': (0.72, 0.86)}, {'text': 'em', 'timestamp': (0.94, 1.0)}, {'text': 'abrir', 'timestamp': (1.06, 1.24)}, {'text': 'conta', 'timestamp': (1.42, 1.68)}, {'text': 'se', 'timestamp': (1.7, 1.86)}, {'text': 'falou', 'timestamp': (1.92, 2.1)}, {'text': 'em', 'timestamp': (2.18, 2.22)}, {'text': 'abrir', 'timestamp': (2.3, 2.46)}, {'text': 'conta', 'timestamp': (2.52, 2.7)}, {'text': 'eu', 'timestamp': (3.06, 3.12)}, {'text': 'gostaria', 'timestamp': (3.18, 3.44)}, {'text': 'de', 'timestamp': (3.46, 3.52)}, {'text': 'dizer', 'timestamp': (3.54, 3.66)}, {'text': 'que', 'timestamp': (3.68, 3.74)}, {'text': 'o', 'timestamp': (3.78, 3.8)}, {'text': 'senhor', 'timestamp': (3.82, 3.94)}, {'text': 'cesse', 'timestamp': (4.04, 4.22)}, {'text': 'pra', 'timestamp': (4.24, 4.4)}, {'text': 'gente', 'timestamp': (4.44, 4.68)}, {'text': 'quais', 'timestamp': (5.0, 5.16)}, {'text': 'as', 'timestamp': (5.24, 5.28)}, {'text': 'vantagens', 'timestamp': (5.38, 6.02)}, {'text': 'que', 'timestamp': (6.52, 6.58)}, {'text': 'tem', 'timestamp': (6.86, 7.0)}, {'text': 'uma', 'timestamp': (7.08, 7.18)}, {'text': 'pessoa', 'timestamp': (7.28, 7.78)}, {'text': 'em', 'timestamp': (8.14, 8.24)}, {'text': 'abrir', 'timestamp': (8.32, 8.54)}, {'text': 'conta', 'timestamp': (8.64, 8.84)}, {'text': 'num', 'timestamp': (8.96, 9.04)}, {'text': 'banco', 'timestamp': (9.1, 9.3)}];0,3125;0,2857142857142857;0,4255514705882353;0,19186046511627908
./audios/SP_DID_250_1881.92025_1882.30976.wav;1881,92025;1882,30976;uhum;aham;0,3895100000002003;a;;[{'text': 'a', 'timestamp': (2.24, 2.3)}];1,0;1,0;1,0;0,75
./audios/SP_DID_250_1886.80469_1889.74921.wav;1886,80469;1889,74921;professor como é que o senhor controla a sua conta no banco?;professor como é que o senhor controla a sua conta no banco;2,9445200000000114;e como é que o senhor controla a sua conta no banco;;[{'text': 'e', 'timestamp': (0.54, 0.56)}, {'text': 'como', 'timestamp': (0.68, 0.8)}, {'text': 'é', 'timestamp': (0.82, 0.84)}, {'text': 'que', 'timestamp': (0.86, 0.92)}, {'text': 'o', 'timestamp': (0.96, 0.98)}, {'text': 'senhor', 'timestamp': (1.02, 1.14)}, {'text': 'controla', 'timestamp': (1.24, 1.68)}, {'text': 'a', 'timestamp': (1.72, 1.74)}, {'text': 'sua', 'timestamp': (1.82, 1.94)}, {'text': 'conta', 'timestamp': (2.06, 2.28)}, {'text': 'no', 'timestamp': (2.38, 2.44)}, {'text': 'banco', 'timestamp': (2.52, 2.84)}];0,08333333333333333;0,08333333333333333;0,15972222222222232;0,13559322033898305
./audios/SP_DID_250_1997.60908_1997.91415.wav;1997,60908;1997,91415;uhn hum;uh uh;0,3050700000001143;oi;;[{'text': 'oi', 'timestamp': (1.04, 1.22)}];1,0;1,0;1,0;1,0
./audios/SP_DID_250_2011.37857_2015.88073.wav;2011,37857;2015,88073;professor o senhor está falando em che::que eu queria que o senhor dissesse quais os tipos de cheque que o senhor conhece?;professor o senhor está falando em cheque eu queria que o senhor dissesse quais os tipos de cheque que o senhor conhece;4,5021600000000035;mas hoje está falando encheque eu queria que você dissesse quais os tipos de cheque que o senhor conhece;;[{'text': 'mas', 'timestamp': (0.02, 0.1)}, {'text': 'hoje', 'timestamp': (0.18, 0.28)}, {'text': 'está', 'timestamp': (0.3, 0.42)}, {'text': 'falando', 'timestamp': (0.46, 0.64)}, {'text': 'encheque', 'timestamp': (0.76, 1.24)}, {'text': 'eu', 'timestamp': (1.28, 1.38)}, {'text': 'queria', 'timestamp': (1.4, 1.56)}, {'text': 'que', 'timestamp': (1.58, 1.66)}, {'text': 'você', 'timestamp': (1.68, 1.8)}, {'text': 'dissesse', 'timestamp': (1.88, 2.36)}, {'text': 'quais', 'timestamp': (2.5, 2.64)}, {'text': 'os', 'timestamp': (2.7, 2.76)}, {'text': 'tipos', 'timestamp': (2.8, 2.96)}, {'text': 'de', 'timestamp': (3.02, 3.06)}, {'text': 'cheque', 'timestamp': (3.22, 3.46)}, {'text': 'que', 'timestamp': (3.54, 3.6)}, {'text': 'o', 'timestamp': (3.62, 3.64)}, {'text': 'senhor', 'timestamp': (3.66, 3.78)}, {'text': 'conhece', 'timestamp': (3.86, 4.28)}];0,3181818181818182;0,3181818181818182;0,46172248803827753;0,21008403361344538
./audios/SP_DID_250_2074.69715_2075.06994.wav;2074,69715;2075,06994;uhn uhn;uh uh;0,37278999999989537;tive;;[{'text': 'tive', 'timestamp': (0.74, 1.24)}];1,0;1,0;1,0;1,0
./audios/SP_DID_250_2086.81025_2087.2188.wav;2086,81025;2087,2188;uhn uhn;uh uh;0,4085500000001048;a;;[{'text': 'a', 'timestamp': (2.36, 2.38)}];1,0;1,0;1,0;1,0
./audios/SP_DID_250_2113.04251_2113.41309.wav;2113,04251;2113,41309;uhum;aham;0,37057999999979074;ouvi;;[{'text': 'ouvi', 'timestamp': (1.04, 1.26)}];1,0;1,0;1,0;1,0
./audios/SP_DID_250_2154.75471_2155.15474.wav;2154,75471;2155,15474;uhum;aham;0,40002999999978783;e;;[{'text': 'e', 'timestamp': (0.44, 0.62)}];1,0;1,0;1,0;1,0
./audios/SP_DID_250_2234.69438_2235.02581.wav;2234,69438;2235,02581;uhum;aham;0,3314300000001822;você pode ir;;[{'text': 'você', 'timestamp': (0.84, 1.06)}, {'text': 'pode', 'timestamp': (1.14, 1.3)}, {'text': 'ir', 'timestamp': (1.38, 1.76)}];3,0;1,0;1,0;3,0
./audios/SP_DID_250_2239.49399_2246.29482.wav;2239,49399;2246,29482;professor Raul quando o senhor vai quando o senhor compra um carro... quais são as medidas que o senhor tem que tomar depois para a precaução dele?;professor raul quando o senhor vai quando o senhor compra um carro quais são as medidas que o senhor tem que tomar depois para a precaução dele;6,800830000000133;professor quando quando o senhor compra um carro quais são as medidas que se tem que tomar depois para a precaução desse;;[{'text': 'professor', 'timestamp': (0.04, 0.4)}, {'text': 'quando', 'timestamp': (0.94, 1.28)}, {'text': 'quando', 'timestamp': (1.58, 1.72)}, {'text': 'o', 'timestamp': (1.74, 1.76)}, {'text': 'senhor', 'timestamp': (1.82, 1.96)}, {'text': 'compra', 'timestamp': (2.06, 2.28)}, {'text': 'um', 'timestamp': (2.36, 2.4)}, {'text': 'carro', 'timestamp': (2.52, 2.86)}, {'text': 'quais', 'timestamp': (3.38, 3.56)}, {'text': 'são', 'timestamp': (3.64, 3.72)}, {'text': 'as', 'timestamp': (3.78, 3.84)}, {'text': 'medidas', 'timestamp': (3.92, 4.28)}, {'text': 'que', 'timestamp': (4.34, 4.42)}, {'text': 'se', 'timestamp': (4.46, 4.54)}, {'text': 'tem', 'timestamp': (4.64, 4.72)}, {'text': 'que', 'timestamp': (4.78, 4.86)}, {'text': 'tomar', 'timestamp': (4.9, 5.14)}, {'text': 'depois', 'timestamp': (5.24, 5.48)}, {'text': 'para', 'timestamp': (5.58, 5.68)}, {'text': 'a', 'timestamp': (5.7, 5.72)}, {'text': 'precaução', 'timestamp': (5.8, 6.38)}, {'text': 'desse', 'timestamp': (6.48, 6.72)}];0,25925925925925924;0,25925925925925924;0,32659932659932667;0,18181818181818182
./audios/SP_DID_250_0.23907_1.14026.wav;0,23907;1,14026;professor Raul;professor raul;0,90119;você se era;;[{'text': 'você', 'timestamp': (1.06, 1.18)}, {'text': 'se', 'timestamp': (1.22, 1.34)}, {'text': 'era', 'timestamp': (1.38, 1.52)}];1,5;1,0;1,0;0,7142857142857143
./audios/SP_DID_250_1.69288_2.98515.wav;1,69288;2,98515;nós gostaríamos primeiramente;nós gostaríamos primeiramente;1,29227;nós gostaríamos primeiramente;;[{'text': 'nós', 'timestamp': (0.02, 0.12)}, {'text': 'gostaríamos', 'timestamp': (0.18, 0.58)}, {'text': 'primeiramente', 'timestamp': (0.68, 1.24)}];0,0;0,0;0,0;0,0
./audios/SP_DID_250_3.41874_5.61221.wav;3,41874;5,61221;que o senhor nos dissesse assim tudo o que o senhor souber;que o senhor nos dissesse assim tudo o que o senhor souber;2,19347;e eu nos dissesse assim tudo o que você souber;;[{'text': 'e', 'timestamp': (0.0, 0.02)}, {'text': 'eu', 'timestamp': (0.1, 0.16)}, {'text': 'nos', 'timestamp': (0.2, 0.28)}, {'text': 'dissesse', 'timestamp': (0.36, 0.76)}, {'text': 'assim', 'timestamp': (0.82, 1.0)}, {'text': 'tudo', 'timestamp': (1.2, 1.32)}, {'text': 'o', 'timestamp': (1.34, 1.36)}, {'text': 'que', 'timestamp': (1.38, 1.48)}, {'text': 'você', 'timestamp': (1.54, 1.64)}, {'text': 'souber', 'timestamp': (1.72, 2.02)}];0,4166666666666667;0,4166666666666667;0,5916666666666667;0,29310344827586204
./audios/SP_DID_250_5.75674_6.75995.wav;5,75674;6,75995;a respeito de::;a respeito de;1,0032100000000002;a recente de;;[{'text': 'a', 'timestamp': (0.06, 0.08)}, {'text': 'recente', 'timestamp': (0.16, 0.62)}, {'text': 'de', 'timestamp': (0.74, 0.8)}];0,3333333333333333;0,3333333333333333;0,5555555555555556;0,3076923076923077
./audios/SP_DID_250_7.23605_9.08823.wav;7,23605;9,08823;dinheiro banco finanças;dinheiro banco finanças;1,8521799999999997;dinheiro banco finança;;[{'text': 'dinheiro', 'timestamp': (0.06, 0.52)}, {'text': 'banco', 'timestamp': (0.7, 1.06)}, {'text': 'finança', 'timestamp': (1.2, 1.74)}];0,3333333333333333;0,3333333333333333;0,5555555555555556;0,043478260869565216
./audios/SP_DID_250_9.53883_10.11695.wav;9,53883;10,11695;e::;e;0,5781199999999984;e;;[{'text': 'e', 'timestamp': (1.14, 1.16)}];0,0;0,0;0,0;0,0
./audios/SP_DID_250_10.39751_17.97397.wav;10,39751;17,97397;qual o sistema que o senhor conhece de banco sistema interno o que o senhor tiver de:: de conhecimento dentro dessa área para contar para gente;qual o sistema que o senhor conhece de banco sistema interno o que o senhor tiver de de conhecimento dentro dessa área para contar para gente;7,576460000000001;qual o sistema que o senhor conhece do banco o sistema interno o que voce ve de conhecimento dentro dessa área pra contar pra gente;;[{'text': 'qual', 'timestamp': (0.0, 0.12)}, {'text': 'o', 'timestamp': (0.2, 0.22)}, {'text': 'sistema', 'timestamp': (0.28, 0.76)}, {'text': 'que', 'timestamp': (0.9, 0.96)}, {'text': 'o', 'timestamp': (1.04, 1.06)}, {'text': 'senhor', 'timestamp': (1.12, 1.34)}, {'text': 'conhece', 'timestamp': (1.44, 1.84)}, {'text': 'do', 'timestamp': (1.94, 2.0)}, {'text': 'banco', 'timestamp': (2.12, 2.36)}, {'text': 'o', 'timestamp': (2.46, 2.48)}, {'text': 'sistema', 'timestamp': (2.52, 2.82)}, {'text': 'interno', 'timestamp': (2.9, 3.42)}, {'text': 'o', 'timestamp': (3.58, 3.62)}, {'text': 'que', 'timestamp': (3.66, 3.72)}, {'text': 'voce', 'timestamp': (3.78, 4.04)}, {'text': 've', 'timestamp': (4.12, 4.18)}, {'text': 'de', 'timestamp': (4.46, 4.52)}, {'text': 'conhecimento', 'timestamp': (5.22, 5.82)}, {'text': 'dentro', 'timestamp': (5.98, 6.16)}, {'text': 'dessa', 'timestamp': (6.22, 6.42)}, {'text': 'área', 'timestamp': (6.5, 6.64)}, {'text': 'pra', 'timestamp': (6.68, 6.8)}, {'text': 'contar', 'timestamp': (6.84, 7.06)}, {'text': 'pra', 'timestamp': (7.1, 7.26)}, {'text': 'gente', 'timestamp': (7.3, 7.52)}];0,3076923076923077;0,2962962962962963;0,44461538461538463;0,1276595744680851
./audios/SP_DID_250_18.31535_19.87829.wav;18,31535;19,87829;nós gostaríamos que o senhor dissesse por favor;nós gostaríamos que o senhor dissesse por favor;1,562940000000001;mas eu tanaceto;;[{'text': 'mas', 'timestamp': (0.06, 0.12)}, {'text': 'eu', 'timestamp': (0.18, 0.28)}, {'text': 'tanaceto', 'timestamp': (0.32, 0.96)}];1,0;1,0;1,0;0,8297872340425532
./audios/SP_DID_250_50.35711_50.57092.wav;50,35711;50,57092;hum;uh;0,21381000000000228;e ia;;[{'text': 'e', 'timestamp': (0.56, 0.66)}, {'text': 'ia', 'timestamp': (1.02, 1.18)}];2,0;1,0;1,0;2,0
./audios/SP_DID_250_69.64085_69.84725.wav;69,64085;69,84725;hum;uh;0,20640000000000214;a;;[{'text': 'a', 'timestamp': (1.54, 1.86)}];1,0;1,0;1,0;1,0
./audios/SP_DID_250_96.17593_96.49096.wav;96,17593;96,49096;uhn uhn;uh uh;0,31503000000000725;um;;[{'text': 'um', 'timestamp': (1.04, 1.26)}];1,0;1,0;1,0;0,8
./audios/SP_DID_250_122.06128_122.60546.wav;122,06128;122,60546;uhn uhn;uh uh;0,5441799999999972;vi;;[{'text': 'vi', 'timestamp': (1.24, 1.3)}];1,0;1,0;1,0;1,0
./audios/SP_DID_250_222.57247_223.10482.wav;222,57247;223,10482;professor;professor;0,5323499999999797;professora;;[{'text': 'professora', 'timestamp': (0.98, 1.48)}];1,0;1,0;1,0;0,1111111111111111
./audios/SP_DID_250_223.2087_224.27341.wav;223,2087;224,27341;quando um empregado;quando um empregado;1,0647100000000194;todo um empregado;;[{'text': 'todo', 'timestamp': (0.02, 0.16)}, {'text': 'um', 'timestamp': (0.22, 0.26)}, {'text': 'empregado', 'timestamp': (0.3, 0.9)}];0,3333333333333333;0,3333333333333333;0,5555555555555556;0,21052631578947367
./audios/SP_DID_250_225.22776_226.14965.wav;225,22776;226,14965;é demitido assim;é demitido assim;0,921890000000019;é demitido assim;;[{'text': 'é', 'timestamp': (1.04, 1.06)}, {'text': 'demitido', 'timestamp': (1.12, 1.6)}, {'text': 'assim', 'timestamp': (1.64, 1.84)}];0,0;0,0;0,0;0,0
./audios/SP_DID_250_226.69499_227.76744.wav;226,69499;227,76744;de u::ma fábrica;de uma fábrica;1,0724500000000035;de uma fábrica;;[{'text': 'de', 'timestamp': (0.04, 0.1)}, {'text': 'uma', 'timestamp': (0.18, 0.46)}, {'text': 'fábrica', 'timestamp': (0.66, 1.04)}];0,0;0,0;0,0;0,0
./audios/SP_DID_250_228.19592_229.23467.wav;228,19592;229,23467;ou de uma indústria;ou de uma indústria;1,0387499999999932;ou de uma indústria;;[{'text': 'ou', 'timestamp': (0.06, 0.1)}, {'text': 'de', 'timestamp': (0.18, 0.24)}, {'text': 'uma', 'timestamp': (0.3, 0.38)}, {'text': 'indústria', 'timestamp': (0.46, 0.96)}];0,0;0,0;0,0;0,0
./audios/SP_DID_250_229.6177_231.79258.wav;229,6177;231,79258;qual é a situação em que ele se encontra o senhor sabe?;qual é a situação em que ele se encontra o senhor sabe;2,1748799999999733;qual é a situação em que ele se encontra cercado;;[{'text': 'qual', 'timestamp': (0.0, 0.12)}, {'text': 'é', 'timestamp': (0.16, 0.18)}, {'text': 'a', 'timestamp': (0.2, 0.22)}, {'text': 'situação', 'timestamp': (0.28, 0.7)}, {'text': 'em', 'timestamp': (0.76, 0.8)}, {'text': 'que', 'timestamp': (0.82, 0.88)}, {'text': 'ele', 'timestamp': (0.94, 1.02)}, {'text': 'se', 'timestamp': (1.08, 1.14)}, {'text': 'encontra', 'timestamp': (1.18, 1.5)}, {'text': 'cercado', 'timestamp': (1.62, 2.06)}];0,25;0,25;0,32499999999999996;0,18518518518518517
./audios/SP_DID_250_346.60621_346.91783.wav;346,60621;346,91783;uhn uhn;uh uh;0,3116200000000049;a;;[{'text': 'a', 'timestamp': (1.42, 1.44)}];1,0;1,0;1,0;1,0
./audios/SP_DID_250_423.60086_423.80734.wav;423,60086;423,80734;(certo);certo;0,2064799999999991;da;;[{'text': 'da', 'timestamp': (1.08, 1.16)}];1,0;1,0;1,0;1,0
./audios/SP_DID_250_424.65908_427.28584.wav;424,65908;427,28584;quando um empregado professor ele sai por contra;quando um empregado professor ele sai por contra;2,62675999999999;quando o empregado o professor ele sai por contra;;[{'text': 'quando', 'timestamp': (0.0, 0.16)}, {'text': 'o', 'timestamp': (0.18, 0.22)}, {'text': 'empregado', 'timestamp': (0.3, 0.8)}, {'text': 'o', 'timestamp': (0.84, 0.86)}, {'text': 'professor', 'timestamp': (0.9, 1.36)}, {'text': 'ele', 'timestamp': (1.56, 1.68)}, {'text': 'sai', 'timestamp': (1.84, 1.98)}, {'text': 'por', 'timestamp': (2.08, 2.16)}, {'text': 'contra', 'timestamp': (2.28, 2.56)}];0,25;0,2222222222222222;0,3194444444444444;0,08333333333333333
./audios/SP_DID_250_427.56975_428.66927.wav;427,56975;428,66927;por conta própria;por conta própria;1,099519999999984;por conta própria;;[{'text': 'por', 'timestamp': (0.04, 0.1)}, {'text': 'conta', 'timestamp': (0.2, 0.44)}, {'text': 'própria', 'timestamp': (0.6, 1.04)}];0,0;0,0;0,0;0,0
./audios/SP_DID_250_429.00285_430.71719.wav;429,00285;430,71719;quais os direitos que competem a ele?;quais os direitos que competem a ele;1,7143399999999929;todos os direitos competem a ele;;[{'text': 'todos', 'timestamp': (0.02, 0.2)}, {'text': 'os', 'timestamp': (0.22, 0.28)}, {'text': 'direitos', 'timestamp': (0.34, 0.66)}, {'text': 'competem', 'timestamp': (0.9, 1.34)}, {'text': 'a', 'timestamp': (1.44, 1.46)}, {'text': 'ele', 'timestamp': (1.54, 1.66)}];0,2857142857142857;0,2857142857142857;0,40476190476190477;0,2222222222222222
./audios/SP_DID_250_492.14_492.47584.wav;492,14;492,47584;uhn uhn;uh uh;0,3358400000000188;e;;[{'text': 'e', 'timestamp': (1.46, 1.48)}];1,0;1,0;1,0;1,0
./audios/SP_DID_250_550.17913_550.57485.wav;550,17913;550,57485;uhn hum;uh uh;0,395719999999983;tire;;[{'text': 'tire', 'timestamp': (0.72, 1.3)}];1,0;1,0;1,0;1,0
./audios/SP_DID_250_558.33463_561.13943.wav;558,33463;561,13943;como é que era feito o acordo antes do Fundo de Garantia?;como é que era feito o acordo antes do fundo de garantia;2,8048;como é que ela é feito o acordo antes do fundo de garantia;;[{'text': 'como', 'timestamp': (0.04, 0.12)}, {'text': 'é', 'timestamp': (0.18, 0.2)}, {'text': 'que', 'timestamp': (0.22, 0.3)}, {'text': 'ela', 'timestamp': (0.32, 0.4)}, {'text': 'é', 'timestamp': (0.42, 0.44)}, {'text': 'feito', 'timestamp': (0.58, 0.78)}, {'text': 'o', 'timestamp': (0.86, 0.88)}, {'text': 'acordo', 'timestamp': (0.92, 1.34)}, {'text': 'antes', 'timestamp': (1.44, 1.68)}, {'text': 'do', 'timestamp': (1.76, 1.82)}, {'text': 'fundo', 'timestamp': (1.92, 2.06)}, {'text': 'de', 'timestamp': (2.12, 2.16)}, {'text': 'garantia', 'timestamp': (2.22, 2.72)}];0,16666666666666666;0,15384615384615385;0,22435897435897445;0,05357142857142857
./audios/SP_DID_250_561.13943_562.67148.wav;561,13943;562,67148;quando não havia Fundo de Garantia?;quando não havia fundo de garantia;1,5320500000000266;quando não havia fundo de garantia;;[{'text': 'quando', 'timestamp': (0.04, 0.2)}, {'text': 'não', 'timestamp': (0.22, 0.3)}, {'text': 'havia', 'timestamp': (0.34, 0.6)}, {'text': 'fundo', 'timestamp': (0.72, 0.86)}, {'text': 'de', 'timestamp': (0.92, 0.96)}, {'text': 'garantia', 'timestamp': (1.0, 1.46)}];0,0;0,0;0,0;0,0
./audios/SP_DID_250_795.00265_795.22186.wav;795,00265;795,22186;uhum;aham;0,21920999999997548;e;;[{'text': 'e', 'timestamp': (0.8, 0.84)}];1,0;1,0;1,0;1,0
./audios/SP_DID_250_796.13586_797.75712.wav;796,13586;797,75712;professor quando normalmente;professor quando normalmente;1,6212600000000066;pessoa quando normalmente;;[{'text': 'pessoa', 'timestamp': (0.16, 0.34)}, {'text': 'quando', 'timestamp': (0.44, 0.62)}, {'text': 'normalmente', 'timestamp': (0.72, 1.36)}];0,3333333333333333;0,3333333333333333;0,5555555555555556;0,14285714285714285
./audios/SP_DID_250_797.95301_799.58965.wav;797,95301;799,58965;se empresta dinheiro de alguém;se empresta dinheiro de alguém;1,6366400000000567;se empresta dinheiro de alguém;;[{'text': 'se', 'timestamp': (0.02, 0.1)}, {'text': 'empresta', 'timestamp': (0.16, 0.58)}, {'text': 'dinheiro', 'timestamp': (0.7, 1.02)}, {'text': 'de', 'timestamp': (1.12, 1.16)}, {'text': 'alguém', 'timestamp': (1.24, 1.5)}];0,0;0,0;0,0;0,0
./audios/SP_DID_250_800.04206_802.56531.wav;800,04206;802,56531;quais as condições de pagamento que as pessoas propõem?;quais as condições de pagamento que as pessoas propõem;2,523249999999962;quais as condições de pagamento que as pessoas propõem;;[{'text': 'quais', 'timestamp': (0.06, 0.18)}, {'text': 'as', 'timestamp': (0.24, 0.34)}, {'text': 'condições', 'timestamp': (0.4, 0.76)}, {'text': 'de', 'timestamp': (0.8, 0.84)}, {'text': 'pagamento', 'timestamp': (0.9, 1.36)}, {'text': 'que', 'timestamp': (1.44, 1.5)}, {'text': 'as', 'timestamp': (1.54, 1.58)}, {'text': 'pessoas', 'timestamp': (1.66, 1.98)}, {'text': 'propõem', 'timestamp': (2.06, 2.44)}];0,0;0,0;0,0;0,0
./audios/SP_DID_250_877.176_877.56765.wav;877,176;877,56765;uhn hum;uh uh;0,39164999999991323;ouvi;;[{'text': 'ouvi', 'timestamp': (1.04, 1.28)}];1,0;1,0;1,0;1,0
./audios/SP_DID_250_922.94198_923.26759.wav;922,94198;923,26759;uhn hum;uh uh;0,325610000000097;eu;;[{'text': 'eu', 'timestamp': (1.04, 1.22)}];1,0;1,0;1,0;0,8
./audios/SP_DID_250_938.22889_938.53099.wav;938,22889;938,53099;uhn hum;uh uh;0,3020999999999958;o;;[{'text': 'o', 'timestamp': (0.82, 0.86)}];1,0;1,0;1,0;1,0
./audios/SP_DID_250_990.74922_991.08.wav;990,74922;991,08;uhum;aham;0,3307800000000043;tive;;[{'text': 'tive', 'timestamp': (0.7, 1.26)}];1,0;1,0;1,0;1,0
./audios/SP_DID_250_991.833_995.46446.wav;991,833;995,46446;como é o senhor sabe como é denominada a pessoa que empresta dinheiro?;como é o senhor sabe como é denominada a pessoa que empresta dinheiro;3,631460000000061;como você você sabe como é que é denominada pessoa que empresta dinheiro;;[{'text': 'como', 'timestamp': (0.0, 0.1)}, {'text': 'você', 'timestamp': (0.12, 0.22)}, {'text': 'você', 'timestamp': (0.24, 0.38)}, {'text': 'sabe', 'timestamp': (0.42, 0.54)}, {'text': 'como', 'timestamp': (0.6, 0.7)}, {'text': 'é', 'timestamp': (0.74, 0.76)}, {'text': 'que', 'timestamp': (0.82, 0.88)}, {'text': 'é', 'timestamp': (0.92, 0.94)}, {'text': 'denominada', 'timestamp': (1.02, 1.54)}, {'text': 'pessoa', 'timestamp': (1.68, 2.16)}, {'text': 'que', 'timestamp': (2.32, 2.38)}, {'text': 'empresta', 'timestamp': (2.52, 2.96)}, {'text': 'dinheiro', 'timestamp': (3.08, 3.46)}];0,46153846153846156;0,4;0,5207100591715976;0,2463768115942029
./audios/SP_DID_250_996.86243_998.26474.wav;996,86243;998,26474;o senhor sabe como é que é denominada;o senhor sabe como é que é denominada;1,402309999999943;você sabe como é que é denominada;;[{'text': 'você', 'timestamp': (0.02, 0.12)}, {'text': 'sabe', 'timestamp': (0.18, 0.3)}, {'text': 'como', 'timestamp': (0.34, 0.44)}, {'text': 'é', 'timestamp': (0.46, 0.48)}, {'text': 'que', 'timestamp': (0.56, 0.62)}, {'text': 'é', 'timestamp': (0.66, 0.68)}, {'text': 'denominada', 'timestamp': (0.74, 1.28)}];0,25;0,25;0,3571428571428572;0,21621621621621623
./audios/SP_DID_250_998.47747_1000.30851.wav;998,47747;1000,30851;a:: pessoa que emPRESta dinheiro?;a pessoa que empresta dinheiro;1,8310399999999163;a pessoa que impresta dinheiro;;[{'text': 'a', 'timestamp': (0.08, 0.1)}, {'text': 'pessoa', 'timestamp': (0.4, 0.76)}, {'text': 'que', 'timestamp': (0.84, 0.9)}, {'text': 'impresta', 'timestamp': (0.98, 1.4)}, {'text': 'dinheiro', 'timestamp': (1.5, 1.78)}];0,2;0,2;0,3599999999999999;0,03333333333333333
./audios/SP_DID_250_1034.20621_1036.75808.wav;1034,20621;1036,75808;e depois que um advogado termina os seus serviços;e depois que um advogado termina os seus serviços;2,551870000000008;depois que um advogado termine o seu serviço;;[{'text': 'depois', 'timestamp': (0.12, 0.36)}, {'text': 'que', 'timestamp': (0.44, 0.54)}, {'text': 'um', 'timestamp': (0.56, 0.6)}, {'text': 'advogado', 'timestamp': (0.68, 1.16)}, {'text': 'termine', 'timestamp': (1.32, 1.66)}, {'text': 'o', 'timestamp': (1.7, 1.72)}, {'text': 'seu', 'timestamp': (1.8, 1.9)}, {'text': 'serviço', 'timestamp': (2.0, 2.48)}];0,5555555555555556;0,5555555555555556;0,7777777777777778;0,12244897959183673
./audios/SP_DID_250_1036.75808_1037.83199.wav;1036,75808;1037,83199;o que é que ele exige?;o que é que ele exige;1,0739099999998416;o que é que ele seja;;[{'text': 'o', 'timestamp': (0.02, 0.04)}, {'text': 'que', 'timestamp': (0.2, 0.28)}, {'text': 'é', 'timestamp': (0.3, 0.32)}, {'text': 'que', 'timestamp': (0.36, 0.42)}, {'text': 'ele', 'timestamp': (0.5, 0.56)}, {'text': 'seja', 'timestamp': (0.72, 1.04)}];0,16666666666666666;0,16666666666666666;0,30555555555555547;0,23809523809523808
./audios/SP_DID_250_1044.46648_1044.72604.wav;1044,46648;1044,72604;isso;isso;0,25955999999996493;e;;[{'text': 'e', 'timestamp': (1.04, 1.06)}];1,0;1,0;1,0;1,0
./audios/SP_DID_250_1137.7_1137.86629.wav;1137,7;1137,86629;uhum;aham;0,16628999999988991;e;;[{'text': 'e', 'timestamp': (0.98, 1.0)}];1,0;1,0;1,0;1,0
./audios/SP_DID_250_1141.3419_1141.96324.wav;1141,3419;1141,96324;professor Raul;professor raul;0,6213400000001457;este não;;[{'text': 'este', 'timestamp': (1.04, 1.22)}, {'text': 'não', 'timestamp': (1.32, 1.5)}];1,0;1,0;1,0;0,7857142857142857
./audios/SP_DID_250_1142.06623_1144.2728.wav;1142,06623;1144,2728;quando uma fábrica não tem mais condições;quando uma fábrica não tem mais condições;2,206570000000056;quando uma fábrica não tem mais condições;;[{'text': 'quando', 'timestamp': (0.02, 0.18)}, {'text': 'uma', 'timestamp': (0.24, 0.36)}, {'text': 'fábrica', 'timestamp': (0.58, 1.04)}, {'text': 'não', 'timestamp': (1.12, 1.2)}, {'text': 'tem', 'timestamp': (1.28, 1.38)}, {'text': 'mais', 'timestamp': (1.44, 1.56)}, {'text': 'condições', 'timestamp': (1.66, 2.16)}];0,0;0,0;0,0;0,0
./audios/SP_DID_250_1144.54438_1145.45125.wav;1144,54438;1145,45125; de sobreviver;de sobreviver;0,9068700000000263;de sobreviver;;[{'text': 'de', 'timestamp': (1.02, 1.1)}, {'text': 'sobreviver', 'timestamp': (1.16, 1.82)}];0,0;0,0;0,0;0,0
./audios/SP_DID_250_1145.51915_1147.03553.wav;1145,51915;1147,03553;qual é a situação dessa fábrica?;qual é a situação dessa fábrica;1,5163800000000265;qual é a situação dessa fabre;;[{'text': 'qual', 'timestamp': (0.0, 0.08)}, {'text': 'é', 'timestamp': (0.16, 0.18)}, {'text': 'a', 'timestamp': (0.22, 0.24)}, {'text': 'situação', 'timestamp': (0.28, 0.7)}, {'text': 'dessa', 'timestamp': (0.76, 0.98)}, {'text': 'fabre', 'timestamp': (1.12, 1.44)}];0,16666666666666666;0,16666666666666666;0,30555555555555547;0,12903225806451613
./audios/SP_DID_250_1258.19585_1260.24418.wav;1258,19585;1260,24418;e sem ser em relação aos trabalhadores?;e sem ser em relação aos trabalhadores;2,0483299999998508;e tem que ser em relação ao trabalhador;;[{'text': 'e', 'timestamp': (0.04, 0.06)}, {'text': 'tem', 'timestamp': (0.2, 0.32)}, {'text': 'que', 'timestamp': (0.36, 0.42)}, {'text': 'ser', 'timestamp': (0.5, 0.6)}, {'text': 'em', 'timestamp': (0.68, 0.72)}, {'text': 'relação', 'timestamp': (0.8, 1.16)}, {'text': 'ao', 'timestamp': (1.22, 1.26)}, {'text': 'trabalhador', 'timestamp': (1.32, 1.98)}];0,5714285714285714;0,5;0,7142857142857143;0,21052631578947367
./audios/SP_DID_250_1261.28182_1263.29923.wav;1261,28182;1263,29923;e sem ser em relação ao trabalhador?;e sem ser em relação ao trabalhador;2,0174100000001545;e sem ser em relação ao trabalhador;;[{'text': 'e', 'timestamp': (0.02, 0.04)}, {'text': 'sem', 'timestamp': (0.18, 0.34)}, {'text': 'ser', 'timestamp': (0.48, 0.62)}, {'text': 'em', 'timestamp': (0.68, 0.72)}, {'text': 'relação', 'timestamp': (0.8, 1.16)}, {'text': 'ao', 'timestamp': (1.22, 1.26)}, {'text': 'trabalhador', 'timestamp': (1.32, 1.94)}];0,0;0,0;0,0;0,0
./audios/SP_DID_250_1307.83588_1308.48298.wav;1307,83588;1308,48298;uhum;aham;0,6470999999999094;ii;;[{'text': 'ii', 'timestamp': (1.16, 1.34)}];1,0;1,0;1,0;1,0
./audios/SP_DID_250_1345.30983_1345.62108.wav;1345,30983;1345,62108;uhum;aham;0,3112499999999727;ai;;[{'text': 'ai', 'timestamp': (1.02, 1.22)}];1,0;1,0;1,0;0,75
./audios/SP_DID_250_1352.43459_1353.81161.wav;1352,43459;1353,81161;o senhor falou em dívida;o senhor falou em dívida;1,3770199999999022;você falou em dívida;;[{'text': 'você', 'timestamp': (0.08, 0.2)}, {'text': 'falou', 'timestamp': (0.32, 0.52)}, {'text': 'em', 'timestamp': (0.64, 0.68)}, {'text': 'dívida', 'timestamp': (0.76, 1.22)}];0,4;0,4;0,55;0,3333333333333333
./audios/SP_DID_250_1354.39371_1356.92888.wav;1354,39371;1356,92888;por exemplo quando o senhor vai pagar uma dívida;por exemplo quando o senhor vai pagar uma dívida;2,53516999999988;por exemplo quando você vai pagar uma dívida;;[{'text': 'por', 'timestamp': (0.04, 0.1)}, {'text': 'exemplo', 'timestamp': (0.16, 0.42)}, {'text': 'quando', 'timestamp': (0.5, 0.68)}, {'text': 'você', 'timestamp': (0.74, 0.84)}, {'text': 'vai', 'timestamp': (0.92, 1.1)}, {'text': 'pagar', 'timestamp': (1.24, 1.54)}, {'text': 'uma', 'timestamp': (1.62, 1.72)}, {'text': 'dívida', 'timestamp': (1.92, 2.34)}];0,2222222222222222;0,2222222222222222;0,3194444444444444;0,16666666666666666
./audios/SP_DID_250_1357.52449_1360.04067.wav;1357,52449;1360,04067;ou o senhor compra alguma coisa e::;ou o senhor compra alguma coisa e;2,5161800000000767;o senhor compra alguma coisa e;;[{'text': 'o', 'timestamp': (0.34, 0.36)}, {'text': 'senhor', 'timestamp': (0.48, 0.7)}, {'text': 'compra', 'timestamp': (0.82, 1.04)}, {'text': 'alguma', 'timestamp': (1.12, 1.36)}, {'text': 'coisa', 'timestamp': (1.58, 1.96)}, {'text': 'e', 'timestamp': (2.1, 2.12)}];0,14285714285714285;0,14285714285714285;0,1428571428571429;0,09090909090909091
./audios/SP_DID_250_1360.42247_1361.64927.wav;1360,42247;1361,64927;e paga à vista;e paga à vista;1,226799999999912;e paga a vista;;[{'text': 'e', 'timestamp': (0.04, 0.06)}, {'text': 'paga', 'timestamp': (0.2, 0.48)}, {'text': 'a', 'timestamp': (0.56, 0.58)}, {'text': 'vista', 'timestamp': (0.68, 1.1)}];0,25;0,25;0,4375;0,07142857142857142
./audios/SP_DID_250_1361.89337_1363.72111.wav;1361,89337;1363,72111;qual é a vantagem que o senhor pode receber;qual é a vantagem que o senhor pode receber;1,8277399999999489;qual é a vantagem que senhor pode receber;;[{'text': 'qual', 'timestamp': (0.06, 0.16)}, {'text': 'é', 'timestamp': (0.2, 0.22)}, {'text': 'a', 'timestamp': (0.28, 0.3)}, {'text': 'vantagem', 'timestamp': (0.34, 0.72)}, {'text': 'que', 'timestamp': (0.78, 0.86)}, {'text': 'senhor', 'timestamp': (0.88, 1.06)}, {'text': 'pode', 'timestamp': (1.1, 1.26)}, {'text': 'receber', 'timestamp': (1.36, 1.76)}];0,1111111111111111;0,1111111111111111;0,11111111111111116;0,046511627906976744
./audios/SP_DID_250_1365.27903_1366.39361.wav;1365,27903;1366,39361;deste pagamento à vista?;deste pagamento à vista;1,11458000000016;deste pagamento avista;;[{'text': 'deste', 'timestamp': (0.04, 0.22)}, {'text': 'pagamento', 'timestamp': (0.3, 0.72)}, {'text': 'avista', 'timestamp': (0.86, 1.08)}];0,5;0,5;0,6666666666666667;0,08695652173913043
./audios/SP_DID_250_1373.33126_1373.70831.wav;1373,33126;1373,70831;uhn uhn;uh uh;0,37705000000005384;ii;;[{'text': 'ii', 'timestamp': (1.02, 1.24)}];1,0;1,0;1,0;1,0
./audios/SP_DID_250_1494.23262_1497.85713.wav;1494,23262;1497,85713;professor o que que é necessário para o senhor guardar o dinheiro no banco?;professor o que que é necessário para o senhor guardar o dinheiro no banco;3,6245100000001003;professor o que me prestado para o senhor guardar o dinheiro no banco;;[{'text': 'professor', 'timestamp': (0.1, 0.46)}, {'text': 'o', 'timestamp': (0.6, 0.62)}, {'text': 'que', 'timestamp': (0.68, 0.88)}, {'text': 'me', 'timestamp': (0.98, 1.02)}, {'text': 'prestado', 'timestamp': (1.12, 1.6)}, {'text': 'para', 'timestamp': (1.64, 1.74)}, {'text': 'o', 'timestamp': (1.76, 1.78)}, {'text': 'senhor', 'timestamp': (1.86, 2.1)}, {'text': 'guardar', 'timestamp': (2.22, 2.64)}, {'text': 'o', 'timestamp': (2.72, 2.74)}, {'text': 'dinheiro', 'timestamp': (2.78, 3.12)}, {'text': 'no', 'timestamp': (3.22, 3.3)}, {'text': 'banco', 'timestamp': (3.38, 3.56)}];0,21428571428571427;0,21428571428571427;0,3351648351648352;0,14864864864864866
./audios/SP_DID_250_1498.76305_1502.22159.wav;1498,76305;1502,22159;o que que o senhor precisa fazer para o senhor conseguir guardar o dinheiro no banco?;o que que o senhor precisa fazer para o senhor conseguir guardar o dinheiro no banco;3,4585400000000845;o que se precisa fazer para se conseguir guardar o dinheiro no banco;;[{'text': 'o', 'timestamp': (0.02, 0.04)}, {'text': 'que', 'timestamp': (0.08, 0.14)}, {'text': 'se', 'timestamp': (0.28, 0.32)}, {'text': 'precisa', 'timestamp': (0.42, 0.72)}, {'text': 'fazer', 'timestamp': (0.84, 1.18)}, {'text': 'para', 'timestamp': (1.28, 1.36)}, {'text': 'se', 'timestamp': (1.4, 1.44)}, {'text': 'conseguir', 'timestamp': (1.58, 2.0)}, {'text': 'guardar', 'timestamp': (2.4, 2.7)}, {'text': 'o', 'timestamp': (2.78, 2.8)}, {'text': 'dinheiro', 'timestamp': (2.84, 3.08)}, {'text': 'no', 'timestamp': (3.14, 3.2)}, {'text': 'banco', 'timestamp': (3.26, 3.42)}];0,3125;0,3125;0,4182692307692307;0,19047619047619047
./audios/SP_DID_250_1512.84139_1514.1316.wav;1512,84139;1514,1316;um pouco de dinheiro então;um pouco de dinheiro então;1,2902099999998882;o pouco de dinheiro então;;[{'text': 'o', 'timestamp': (0.06, 0.1)}, {'text': 'pouco', 'timestamp': (0.2, 0.48)}, {'text': 'de', 'timestamp': (0.56, 0.62)}, {'text': 'dinheiro', 'timestamp': (0.7, 1.02)}, {'text': 'então', 'timestamp': (1.08, 1.24)}];0,2;0,2;0,3599999999999999;0,07692307692307693
./audios/SP_DID_250_1518.92672_1519.19228.wav;1518,92672;1519,19228;certo;certo;0,2655600000000504;se a;;[{'text': 'se', 'timestamp': (0.98, 1.04)}, {'text': 'a', 'timestamp': (1.12, 1.14)}];2,0;1,0;1,0;0,8
./audios/SP_DID_250_1654.64217_1655.22423.wav;1654,64217;1655,22423;professor;professor;0,5820599999999558;por vez antes;;[{'text': 'por', 'timestamp': (1.0, 1.1)}, {'text': 'vez', 'timestamp': (1.14, 1.32)}, {'text': 'antes', 'timestamp': (1.36, 1.66)}];3,0;1,0;1,0;1,1111111111111112
./audios/SP_DID_250_1655.22423_1657.44568.wav;1655,22423;1657,44568;por falar em abrir conta o senhor falou em abrir conta;por falar em abrir conta o senhor falou em abrir conta;2,2214500000000044;fala em abrir conta falou em abrir conta;;[{'text': 'fala', 'timestamp': (0.12, 0.26)}, {'text': 'em', 'timestamp': (0.3, 0.4)}, {'text': 'abrir', 'timestamp': (0.46, 0.66)}, {'text': 'conta', 'timestamp': (0.84, 1.2)}, {'text': 'falou', 'timestamp': (1.34, 1.5)}, {'text': 'em', 'timestamp': (1.58, 1.64)}, {'text': 'abrir', 'timestamp': (1.72, 1.86)}, {'text': 'conta', 'timestamp': (1.94, 2.12)}];0,36363636363636365;0,36363636363636365;0,44318181818181823;0,25925925925925924
./audios/SP_DID_250_1657.7079_1659.43549.wav;1657,7079;1659,43549;eu gostaria que o senhor dissesse para gente;eu gostaria que o senhor dissesse para gente;1,7275899999999638;eu gostaria de dizer que o senhor segue pra gente;;[{'text': 'eu', 'timestamp': (0.0, 0.08)}, {'text': 'gostaria', 'timestamp': (0.12, 0.38)}, {'text': 'de', 'timestamp': (0.4, 0.44)}, {'text': 'dizer', 'timestamp': (0.48, 0.6)}, {'text': 'que', 'timestamp': (0.62, 0.68)}, {'text': 'o', 'timestamp': (0.7, 0.72)}, {'text': 'senhor', 'timestamp': (0.74, 0.9)}, {'text': 'segue', 'timestamp': (0.98, 1.14)}, {'text': 'pra', 'timestamp': (1.18, 1.34)}, {'text': 'gente', 'timestamp': (1.38, 1.62)}];0,5;0,4;0,55;0,3409090909090909
./audios/SP_DID_250_1659.43549_1660.72348.wav;1659,43549;1660,72348;quais as vantagens;quais as vantagens;1,2879900000000362;quais as vantagens;;[{'text': 'quais', 'timestamp': (0.2, 0.44)}, {'text': 'as', 'timestamp': (0.46, 0.54)}, {'text': 'vantagens', 'timestamp': (0.58, 1.22)}];0,0;0,0;0,0;0,0
./audios/SP_DID_250_1661.19057_1662.53329.wav;1661,19057;1662,53329;que tem uma pessoa;que tem uma pessoa;1,3427200000000994;que tem uma pessoa;;[{'text': 'que', 'timestamp': (0.0, 0.08)}, {'text': 'tem', 'timestamp': (0.32, 0.44)}, {'text': 'uma', 'timestamp': (0.54, 0.62)}, {'text': 'pessoa', 'timestamp': (0.74, 1.22)}];0,0;0,0;0,0;0,0
./audios/SP_DID_250_1662.75996_1663.97828.wav;1662,75996;1663,97828;em abrir conta num banco?;em abrir conta num banco;1,2183199999999488;me abrir conta num bar;;[{'text': 'me', 'timestamp': (0.08, 0.14)}, {'text': 'abrir', 'timestamp': (0.2, 0.42)}, {'text': 'conta', 'timestamp': (0.52, 0.76)}, {'text': 'num', 'timestamp': (0.82, 0.92)}, {'text': 'bar', 'timestamp': (0.98, 1.14)}];0,4;0,4;0,64;0,20833333333333334
./audios/SP_DID_250_1881.92025_1882.30976.wav;1881,92025;1882,30976;uhum;aham;0,3895100000002003;a;;[{'text': 'a', 'timestamp': (2.24, 2.3)}];1,0;1,0;1,0;0,75
./audios/SP_DID_250_1886.80469_1887.46861.wav;1886,80469;1887,46861;professor;professor;0,6639199999999619;e ate;;[{'text': 'e', 'timestamp': (1.38, 1.4)}, {'text': 'ate', 'timestamp': (1.54, 1.7)}];2,0;1,0;1,0;0,8888888888888888
./audios/SP_DID_250_1887.46861_1889.74921.wav;1887,46861;1889,74921;como é que o senhor controla a sua conta no banco?;como é que o senhor controla a sua conta no banco;2,2806000000000495;como é que o senhor controla a sua conta no banco;;[{'text': 'como', 'timestamp': (0.04, 0.14)}, {'text': 'é', 'timestamp': (0.16, 0.18)}, {'text': 'que', 'timestamp': (0.2, 0.26)}, {'text': 'o', 'timestamp': (0.28, 0.32)}, {'text': 'senhor', 'timestamp': (0.34, 0.5)}, {'text': 'controla', 'timestamp': (0.58, 1.02)}, {'text': 'a', 'timestamp': (1.06, 1.08)}, {'text': 'sua', 'timestamp': (1.16, 1.28)}, {'text': 'conta', 'timestamp': (1.38, 1.62)}, {'text': 'no', 'timestamp': (1.72, 1.76)}, {'text': 'banco', 'timestamp': (1.86, 2.18)}];0,0;0,0;0,0;0,0
./audios/SP_DID_250_1997.60908_1997.91415.wav;1997,60908;1997,91415;uhn hum;uh uh;0,3050700000001143;oi;;[{'text': 'oi', 'timestamp': (1.04, 1.22)}];1,0;1,0;1,0;1,0
./audios/SP_DID_250_2011.37857_2012.71421.wav;2011,37857;2012,71421;professor o senhor está falando em che::que;professor o senhor está falando em cheque;1,3356400000000122;se hoje está falando em cheque;;[{'text': 'se', 'timestamp': (0.1, 0.16)}, {'text': 'hoje', 'timestamp': (0.18, 0.28)}, {'text': 'está', 'timestamp': (0.32, 0.44)}, {'text': 'falando', 'timestamp': (0.46, 0.64)}, {'text': 'em', 'timestamp': (0.76, 0.8)}, {'text': 'cheque', 'timestamp': (0.9, 1.26)}];0,42857142857142855;0,42857142857142855;0,6190476190476191;0,36585365853658536
./audios/SP_DID_250_2012.71421_2013.84929.wav;2012,71421;2013,84929;eu queria que o senhor dissesse;eu queria que o senhor dissesse;1,1350800000000163;eu queria que você dissesse;;[{'text': 'eu', 'timestamp': (0.0, 0.04)}, {'text': 'queria', 'timestamp': (0.08, 0.22)}, {'text': 'que', 'timestamp': (0.26, 0.32)}, {'text': 'você', 'timestamp': (0.34, 0.46)}, {'text': 'dissesse', 'timestamp': (0.56, 1.04)}];0,3333333333333333;0,3333333333333333;0,4666666666666667;0,25806451612903225
./audios/SP_DID_250_2013.84929_2015.88073.wav;2013,84929;2015,88073;quais os tipos de cheque que o senhor conhece?;quais os tipos de cheque que o senhor conhece;2,031439999999975;quais os tipos de cheque que ser conheco;;[{'text': 'quais', 'timestamp': (0.06, 0.16)}, {'text': 'os', 'timestamp': (0.24, 0.3)}, {'text': 'tipos', 'timestamp': (0.32, 0.5)}, {'text': 'de', 'timestamp': (0.56, 0.6)}, {'text': 'cheque', 'timestamp': (0.74, 0.98)}, {'text': 'que', 'timestamp': (1.06, 1.14)}, {'text': 'ser', 'timestamp': (1.2, 1.28)}, {'text': 'conheco', 'timestamp': (1.38, 1.86)}];0,3333333333333333;0,3333333333333333;0,5;0,13333333333333333
./audios/SP_DID_250_2074.69715_2075.06994.wav;2074,69715;2075,06994;uhn uhn;uh uh;0,37278999999989537;tive;;[{'text': 'tive', 'timestamp': (0.74, 1.24)}];1,0;1,0;1,0;1,0
./audios/SP_DID_250_2086.81025_2087.2188.wav;2086,81025;2087,2188;uhn uhn;uh uh;0,4085500000001048;a;;[{'text': 'a', 'timestamp': (2.36, 2.38)}];1,0;1,0;1,0;1,0
./audios/SP_DID_250_2113.04251_2113.41309.wav;2113,04251;2113,41309;uhum;aham;0,37057999999979074;ouvi;;[{'text': 'ouvi', 'timestamp': (1.04, 1.26)}];1,0;1,0;1,0;1,0
./audios/SP_DID_250_2154.75471_2155.15474.wav;2154,75471;2155,15474;uhum;aham;0,40002999999978783;e;;[{'text': 'e', 'timestamp': (0.44, 0.62)}];1,0;1,0;1,0;1,0
./audios/SP_DID_250_2234.69438_2235.02581.wav;2234,69438;2235,02581;uhum;aham;0,3314300000001822;você pode ir;;[{'text': 'você', 'timestamp': (0.84, 1.06)}, {'text': 'pode', 'timestamp': (1.14, 1.3)}, {'text': 'ir', 'timestamp': (1.38, 1.76)}];3,0;1,0;1,0;3,0
./audios/SP_DID_250_2239.49399_2240.30146.wav;2239,49399;2240,30146;professor Raul;professor raul;0,807470000000194;professional;;[{'text': 'professional', 'timestamp': (1.0, 1.64)}];1,0;1,0;1,0;0,35714285714285715
./audios/SP_DID_250_2240.30146_2240.9998.wav;2240,30146;2240,9998;quando o senhor vai;quando o senhor vai;0,6983399999999165;quando você vai de;;[{'text': 'quando', 'timestamp': (1.12, 1.3)}, {'text': 'você', 'timestamp': (1.36, 1.48)}, {'text': 'vai', 'timestamp': (1.54, 1.62)}, {'text': 'de', 'timestamp': (1.68, 1.86)}];0,75;0,75;0,9375;0,5789473684210527
./audios/SP_DID_250_2240.9998_2242.48352.wav;2240,9998;2242,48352;quando o senhor compra um carro;quando o senhor compra um carro;1,4837200000001758;quando o senhor compra um carro;;[{'text': 'quando', 'timestamp': (0.06, 0.22)}, {'text': 'o', 'timestamp': (0.24, 0.26)}, {'text': 'senhor', 'timestamp': (0.32, 0.46)}, {'text': 'compra', 'timestamp': (0.56, 0.78)}, {'text': 'um', 'timestamp': (0.84, 0.88)}, {'text': 'carro', 'timestamp': (1.02, 1.36)}];0,0;0,0;0,0;0,0
./audios/SP_DID_250_2242.77808_2246.29482.wav;2242,77808;2246,29482; quais são as medidas que o senhor tem que tomar depois para a precaução dele?;quais são as medidas que o senhor tem que tomar depois para a precaução dele;3,516740000000027;quais são as medidas que o senhor tem que tomar depois para a precaução desse;;[{'text': 'quais', 'timestamp': (0.1, 0.28)}, {'text': 'são', 'timestamp': (0.34, 0.44)}, {'text': 'as', 'timestamp': (0.5, 0.56)}, {'text': 'medidas', 'timestamp': (0.64, 1.0)}, {'text': 'que', 'timestamp': (1.06, 1.12)}, {'text': 'o', 'timestamp': (1.14, 1.16)}, {'text': 'senhor', 'timestamp': (1.18, 1.32)}, {'text': 'tem', 'timestamp': (1.36, 1.44)}, {'text': 'que', 'timestamp': (1.5, 1.56)}, {'text': 'tomar', 'timestamp': (1.62, 1.86)}, {'text': 'depois', 'timestamp': (1.96, 2.2)}, {'text': 'para', 'timestamp': (2.28, 2.4)}, {'text': 'a', 'timestamp': (2.42, 2.44)}, {'text': 'precaução', 'timestamp': (2.5, 3.1)}, {'text': 'desse', 'timestamp': (3.18, 3.44)}];0,06666666666666667;0,06666666666666667;0,12888888888888883;0,02631578947368421
./audios/SP_DID_250_21.16387_23.40198.wav;21,16387;23,40198;bem eu:: na realidade conheço pouco;bem eu na realidade conheço pouco;2,238109999999999;bem eu na realidade conheço pouco;;[{'text': 'bem', 'timestamp': (0.04, 0.18)}, {'text': 'eu', 'timestamp': (0.34, 0.42)}, {'text': 'na', 'timestamp': (0.68, 0.74)}, {'text': 'realidade', 'timestamp': (0.84, 1.34)}, {'text': 'conheço', 'timestamp': (1.54, 1.84)}, {'text': 'pouco', 'timestamp': (2.04, 2.2)}];0,0;0,0;0,0;0,0
./audios/SP_DID_250_24.69319_29.28569.wav;24,69319;29,28569;porque inclusive... éh::... nunca tive muito dinheiro;porque inclusive eh nunca tive muito dinheiro;4,592499999999998;porque inclusive nunca tive muito dinheiro;;[{'text': 'porque', 'timestamp': (0.02, 0.22)}, {'text': 'inclusive', 'timestamp': (0.3, 0.82)}, {'text': 'nunca', 'timestamp': (3.14, 3.38)}, {'text': 'tive', 'timestamp': (3.54, 3.74)}, {'text': 'muito', 'timestamp': (3.86, 4.02)}, {'text': 'dinheiro', 'timestamp': (4.12, 4.5)}];0,14285714285714285;0,14285714285714285;0,1428571428571429;0,06666666666666667
./audios/SP_DID_250_30.03046_44.78575.wav;30,03046;44,78575;de maneira que SÓ... os que têm muito... ou::... os que estão diretamente envolvidos... no::... nesse ramo de atividades  é que... teriam::... mais coisas a dizer;de maneira que só os que têm muito ou os que estão diretamente envolvidos no nesse ramo de atividades é que teriam mais coisas a dizer;14,755289999999999;o era só os que têm muito ou estão diretamente envolvidos nesse ramo de atividade e teriam mais coisas a dizer;;[{'text': 'o', 'timestamp': (0.16, 0.18)}, {'text': 'era', 'timestamp': (0.44, 0.56)}, {'text': 'só', 'timestamp': (1.02, 1.08)}, {'text': 'os', 'timestamp': (1.86, 1.96)}, {'text': 'que', 'timestamp': (2.04, 2.12)}, {'text': 'têm', 'timestamp': (2.28, 2.54)}, {'text': 'muito', 'timestamp': (2.64, 3.0)}, {'text': 'ou', 'timestamp': (4.86, 5.04)}, {'text': 'estão', 'timestamp': (6.08, 6.34)}, {'text': 'diretamente', 'timestamp': (6.42, 7.0)}, {'text': 'envolvidos', 'timestamp': (7.12, 7.76)}, {'text': 'nesse', 'timestamp': (10.76, 10.98)}, {'text': 'ramo', 'timestamp': (11.08, 11.22)}, {'text': 'de', 'timestamp': (11.26, 11.32)}, {'text': 'atividade', 'timestamp': (11.36, 11.84)}, {'text': 'e', 'timestamp': (12.06, 12.08)}, {'text': 'teriam', 'timestamp': (12.36, 12.74)}, {'text': 'mais', 'timestamp': (13.76, 13.92)}, {'text': 'coisas', 'timestamp': (14.02, 14.28)}, {'text': 'a', 'timestamp': (14.36, 14.38)}, {'text': 'dizer', 'timestamp': (14.44, 14.68)}];0,34615384615384615;0,34615384615384615;0,4706959706959707;0,1865671641791045
./audios/SP_DID_250_45.71163_69.29323.wav;45,71163;69,29323;na realidade minha família... que por tradição é uma família de bacharéis... em Direito... meu pai o era... meu irmão mais velho também... e eu... antes de me licenciar em História pela... Universidade de São Paulo... também... me:: diplomei em Ciências Jurídicas e Sociais como eles dizem... está escrito no diploma;na realidade minha família que por tradição é uma família de bacharéis em direito meu pai o era meu irmão mais velho também e eu antes de me licenciar em história pela universidade de são paulo também me diplomei em ciências jurídicas e sociais como eles dizem está escrito no diploma;23,581599999999995;na realidade minha família que por tradição é uma família de passares em direito meu pai o era meu irmão mais velho também e eu antes de me licenciar em história pela universidade de são paulo também me diplomei em ciências jurídicas sociais como eles vivem a crise diploma;;[{'text': 'na', 'timestamp': (0.04, 0.08)}, {'text': 'realidade', 'timestamp': (0.18, 0.62)}, {'text': 'minha', 'timestamp': (0.76, 0.9)}, {'text': 'família', 'timestamp': (0.96, 1.3)}, {'text': 'que', 'timestamp': (1.9, 1.96)}, {'text': 'por', 'timestamp': (2.08, 2.18)}, {'text': 'tradição', 'timestamp': (2.26, 2.7)}, {'text': 'é', 'timestamp': (2.84, 2.86)}, {'text': 'uma', 'timestamp': (2.94, 3.02)}, {'text': 'família', 'timestamp': (3.14, 3.5)}, {'text': 'de', 'timestamp': (3.6, 3.64)}, {'text': 'passares', 'timestamp': (3.86, 4.4)}, {'text': 'em', 'timestamp': (5.66, 5.74)}, {'text': 'direito', 'timestamp': (5.8, 6.12)}, {'text': 'meu', 'timestamp': (6.62, 6.72)}, {'text': 'pai', 'timestamp': (6.84, 7.0)}, {'text': 'o', 'timestamp': (7.1, 7.12)}, {'text': 'era', 'timestamp': (7.18, 7.38)}, {'text': 'meu', 'timestamp': (8.36, 8.46)}, {'text': 'irmão', 'timestamp': (8.54, 8.7)}, {'text': 'mais', 'timestamp': (8.78, 8.94)}, {'text': 'velho', 'timestamp': (9.02, 9.2)}, {'text': 'também', 'timestamp': (9.3, 9.64)}, {'text': 'e', 'timestamp': (10.5, 10.52)}, {'text': 'eu', 'timestamp': (10.64, 10.72)}, {'text': 'antes', 'timestamp': (11.52, 11.76)}, {'text': 'de', 'timestamp': (11.82, 11.86)}, {'text': 'me', 'timestamp': (11.94, 12.0)}, {'text': 'licenciar', 'timestamp': (12.08, 12.68)}, {'text': 'em', 'timestamp': (13.16, 13.22)}, {'text': 'história', 'timestamp': (13.28, 13.66)}, {'text': 'pela', 'timestamp': (13.82, 14.02)}, {'text': 'universidade', 'timestamp': (14.88, 15.34)}, {'text': 'de', 'timestamp': (15.4, 15.44)}, {'text': 'são', 'timestamp': (15.5, 15.6)}, {'text': 'paulo', 'timestamp': (15.7, 15.94)}, {'text': 'também', 'timestamp': (16.62, 16.98)}, {'text': 'me', 'timestamp': (18.24, 18.28)}, {'text': 'diplomei', 'timestamp': (18.9, 19.42)}, {'text': 'em', 'timestamp': (19.7, 19.76)}, {'text': 'ciências', 'timestamp': (19.92, 20.28)}, {'text': 'jurídicas', 'timestamp': (20.38, 20.84)}, {'text': 'sociais', 'timestamp': (20.98, 21.38)}, {'text': 'como', 'timestamp': (21.46, 21.56)}, {'text': 'eles', 'timestamp': (21.62, 21.76)}, {'text': 'vivem', 'timestamp': (21.82, 22.12)}, {'text': 'a', 'timestamp': (22.68, 22.7)}, {'text': 'crise', 'timestamp': (22.88, 23.06)}, {'text': 'diploma', 'timestamp': (23.22, 23.52)}];0,11764705882352941;0,11764705882352941;0,18967587034813926;0,07042253521126761
./audios/SP_DID_250_70.29263_72.09694.wav;70,29263;72,09694;mas tive um irmão que trabalhou em banco;mas tive um irmão que trabalhou em banco;1,804310000000001;mas tive um irmão que trabalhou em ban;;[{'text': 'mas', 'timestamp': (0.04, 0.14)}, {'text': 'tive', 'timestamp': (0.24, 0.4)}, {'text': 'um', 'timestamp': (0.52, 0.58)}, {'text': 'irmão', 'timestamp': (0.64, 0.82)}, {'text': 'que', 'timestamp': (0.9, 0.96)}, {'text': 'trabalhou', 'timestamp': (1.08, 1.46)}, {'text': 'em', 'timestamp': (1.52, 1.56)}, {'text': 'ban', 'timestamp': (1.62, 1.7)}];0,125;0,125;0,234375;0,05
./audios/SP_DID_250_73.27143_76.78667.wav;73,27143;76,78667;quer dizer aPEnas... no grau de funcionário;quer dizer apenas no grau de funcionário;3,5152400000000057;quer dizer apenas no grau de funcionário;;[{'text': 'quer', 'timestamp': (0.0, 0.08)}, {'text': 'dizer', 'timestamp': (0.12, 0.26)}, {'text': 'apenas', 'timestamp': (0.44, 1.0)}, {'text': 'no', 'timestamp': (2.24, 2.3)}, {'text': 'grau', 'timestamp': (2.4, 2.58)}, {'text': 'de', 'timestamp': (2.68, 2.72)}, {'text': 'funcionário', 'timestamp': (2.84, 3.44)}];0,0;0,0;0,0;0,0
./audios/SP_DID_250_77.97074_83.89214.wav;77,97074;83,89214;onde adquiriu muito renome... chamava-se Mário... esse meu irmão Mário... de Andrade e Silva;onde adquiriu muito renome chamavase mário esse meu irmão mário de andrade e silva;5,921399999999991;onde adquiriu muito renome chamava-se mário esse meu irmão mário de andrade e silva;;[{'text': 'onde', 'timestamp': (0.06, 0.18)}, {'text': 'adquiriu', 'timestamp': (0.28, 0.68)}, {'text': 'muito', 'timestamp': (0.76, 0.92)}, {'text': 'renome', 'timestamp': (1.04, 1.4)}, {'text': 'chamava-se', 'timestamp': (2.54, 3.0)}, {'text': 'mário', 'timestamp': (3.12, 3.46)}, {'text': 'esse', 'timestamp': (3.72, 3.86)}, {'text': 'meu', 'timestamp': (3.92, 4.0)}, {'text': 'irmão', 'timestamp': (4.04, 4.26)}, {'text': 'mário', 'timestamp': (4.4, 4.7)}, {'text': 'de', 'timestamp': (5.04, 5.08)}, {'text': 'andrade', 'timestamp': (5.16, 5.46)}, {'text': 'e', 'timestamp': (5.54, 5.56)}, {'text': 'silva', 'timestamp': (5.66, 5.86)}];0,07142857142857142;0,07142857142857142;0,1377551020408163;0,012195121951219513
./audios/SP_DID_250_85.64109_95.95324.wav;85,64109;95,95324;éh::... embora no tempo dele tenha si/... sido mais célebre como... futebolista... amador... no Clube Atlético Paulistano do que como funcionário de banco;eh embora no tempo dele tenha si sido mais célebre como futebolista amador no clube atlético paulistano do que como funcionário de banco;10,312149999999988;e embora no tempo dele tinha sido mais célebre como futebolista amador no clube atleta paulistano do que como funcionário de banco;;[{'text': 'e', 'timestamp': (1.72, 1.76)}, {'text': 'embora', 'timestamp': (2.02, 2.28)}, {'text': 'no', 'timestamp': (2.34, 2.4)}, {'text': 'tempo', 'timestamp': (2.46, 2.64)}, {'text': 'dele', 'timestamp': (2.7, 2.84)}, {'text': 'tinha', 'timestamp': (2.98, 3.16)}, {'text': 'sido', 'timestamp': (3.86, 4.02)}, {'text': 'mais', 'timestamp': (4.12, 4.3)}, {'text': 'célebre', 'timestamp': (4.44, 4.78)}, {'text': 'como', 'timestamp': (4.9, 5.08)}, {'text': 'futebolista', 'timestamp': (6.22, 6.86)}, {'text': 'amador', 'timestamp': (7.1, 7.46)}, {'text': 'no', 'timestamp': (7.74, 7.8)}, {'text': 'clube', 'timestamp': (7.88, 8.04)}, {'text': 'atleta', 'timestamp': (8.08, 8.4)}, {'text': 'paulistano', 'timestamp': (8.54, 9.02)}, {'text': 'do', 'timestamp': (9.1, 9.14)}, {'text': 'que', 'timestamp': (9.2, 9.26)}, {'text': 'como', 'timestamp': (9.34, 9.46)}, {'text': 'funcionário', 'timestamp': (9.56, 9.98)}, {'text': 'de', 'timestamp': (10.02, 10.08)}, {'text': 'banco', 'timestamp': (10.14, 10.26)}];0,17391304347826086;0,17391304347826086;0,2865612648221344;0,0661764705882353
./audios/SP_DID_250_96.50182_98.63125.wav;96,50182;98,63125;mas em todo caso foi funcionário do Banco Comercial;mas em todo caso foi funcionário do banco comercial;2,1294299999999993;mas em todo caso foi funcionário do banco comercial;;[{'text': 'mas', 'timestamp': (0.02, 0.12)}, {'text': 'em', 'timestamp': (0.16, 0.2)}, {'text': 'todo', 'timestamp': (0.24, 0.38)}, {'text': 'caso', 'timestamp': (0.42, 0.54)}, {'text': 'foi', 'timestamp': (0.68, 0.78)}, {'text': 'funcionário', 'timestamp': (0.88, 1.3)}, {'text': 'do', 'timestamp': (1.34, 1.38)}, {'text': 'banco', 'timestamp': (1.44, 1.58)}, {'text': 'comercial', 'timestamp': (1.64, 2.02)}];0,0;0,0;0,0;0,0
./audios/SP_DID_250_99.66224_115.22261.wav;99,66224;115,22261;e::... agora... o que eu conheço de bancos... deriva simplesmente do trato... normal... entre um... peQUEno depositante... que eu sou... porque a gente tem que guardar o dinheiro em algum lugar;e agora o que eu conheço de bancos deriva simplesmente do trato normal entre um pequeno depositante que eu sou porque a gente tem que guardar o dinheiro em algum lugar;15,560370000000006;e agora o que eu conheço de bancos deriva simplesmente do trato normal entre um pequeno depositar que eu sou porque a gente tem que guardar o dinheiro em algum lugar;;[{'text': 'e', 'timestamp': (0.06, 0.08)}, {'text': 'agora', 'timestamp': (1.8, 2.08)}, {'text': 'o', 'timestamp': (3.26, 3.28)}, {'text': 'que', 'timestamp': (3.34, 3.44)}, {'text': 'eu', 'timestamp': (3.46, 3.52)}, {'text': 'conheço', 'timestamp': (3.58, 3.92)}, {'text': 'de', 'timestamp': (4.0, 4.06)}, {'text': 'bancos', 'timestamp': (4.14, 4.54)}, {'text': 'deriva', 'timestamp': (5.82, 6.16)}, {'text': 'simplesmente', 'timestamp': (6.3, 6.88)}, {'text': 'do', 'timestamp': (7.06, 7.12)}, {'text': 'trato', 'timestamp': (7.32, 7.72)}, {'text': 'normal', 'timestamp': (8.54, 8.92)}, {'text': 'entre', 'timestamp': (9.7, 9.98)}, {'text': 'um', 'timestamp': (10.14, 10.22)}, {'text': 'pequeno', 'timestamp': (10.58, 10.98)}, {'text': 'depositar', 'timestamp': (11.12, 12.1)}, {'text': 'que', 'timestamp': (12.14, 12.2)}, {'text': 'eu', 'timestamp': (12.26, 12.3)}, {'text': 'sou', 'timestamp': (12.4, 12.52)}, {'text': 'porque', 'timestamp': (13.12, 13.28)}, {'text': 'a', 'timestamp': (13.32, 13.34)}, {'text': 'gente', 'timestamp': (13.38, 13.52)}, {'text': 'tem', 'timestamp': (13.58, 13.68)}, {'text': 'que', 'timestamp': (13.72, 13.8)}, {'text': 'guardar', 'timestamp': (13.9, 14.32)}, {'text': 'o', 'timestamp': (14.46, 14.48)}, {'text': 'dinheiro', 'timestamp': (14.56, 14.9)}, {'text': 'em', 'timestamp': (14.96, 15.0)}, {'text': 'algum', 'timestamp': (15.08, 15.26)}, {'text': 'lugar', 'timestamp': (15.32, 15.48)}];0,03225806451612903;0,03225806451612903;0,06347554630593122;0,017964071856287425
./audios/SP_DID_250_116.42482_121.83105.wav;116,42482;121,83105;começa que a Universidade já nos paga Obrigatoriamente pelo Banco do Estado de São Paulo;começa que a universidade já nos paga obrigatoriamente pelo banco do estado de são paulo;5,406230000000008;começa que a universidade já nos paga obrigatoriamente pelo banco do estado de são paulo;;[{'text': 'começa', 'timestamp': (0.06, 0.4)}, {'text': 'que', 'timestamp': (0.52, 0.58)}, {'text': 'a', 'timestamp': (0.62, 0.64)}, {'text': 'universidade', 'timestamp': (0.7, 1.4)}, {'text': 'já', 'timestamp': (1.58, 1.62)}, {'text': 'nos', 'timestamp': (1.8, 1.9)}, {'text': 'paga', 'timestamp': (2.02, 2.3)}, {'text': 'obrigatoriamente', 'timestamp': (3.02, 3.82)}, {'text': 'pelo', 'timestamp': (4.0, 4.14)}, {'text': 'banco', 'timestamp': (4.24, 4.44)}, {'text': 'do', 'timestamp': (4.5, 4.56)}, {'text': 'estado', 'timestamp': (4.6, 4.86)}, {'text': 'de', 'timestamp': (4.92, 4.96)}, {'text': 'são', 'timestamp': (5.02, 5.12)}, {'text': 'paulo', 'timestamp': (5.2, 5.36)}];0,0;0,0;0,0;0,0
./audios/SP_DID_250_123.10584_127.6138.wav;123,10584;127,6138;então... éh::... esse é o tipo de relacionamento que eu tenho com banco;então eh esse é o tipo de relacionamento que eu tenho com banco;4,507959999999997;então esse é o tipo de relacionamento que eu tenho com o banco;;[{'text': 'então', 'timestamp': (0.08, 0.36)}, {'text': 'esse', 'timestamp': (2.42, 2.6)}, {'text': 'é', 'timestamp': (2.66, 2.68)}, {'text': 'o', 'timestamp': (2.72, 2.74)}, {'text': 'tipo', 'timestamp': (2.8, 2.92)}, {'text': 'de', 'timestamp': (2.96, 3.02)}, {'text': 'relacionamento', 'timestamp': (3.08, 3.58)}, {'text': 'que', 'timestamp': (3.66, 3.72)}, {'text': 'eu', 'timestamp': (3.74, 3.8)}, {'text': 'tenho', 'timestamp': (3.84, 4.0)}, {'text': 'com', 'timestamp': (4.04, 4.1)}, {'text': 'o', 'timestamp': (4.18, 4.2)}, {'text': 'banco', 'timestamp': (4.22, 4.4)}];0,15384615384615385;0,14285714285714285;0,1479289940828401;0,07936507936507936
./audios/SP_DID_250_128.52771_142.83734.wav;128,52771;142,83734;eventualmente tive:: também:: a um::: um vez por outra... a necessidade de::... um pequeno empréstimo então recorri a bancos... e vi como eles são exigentes... para emprestar;eventualmente tive também a um um vez por outra a necessidade de um pequeno empréstimo então recorri a bancos e vi como eles são exigentes para emprestar;14,309629999999999;eventualmente tive também um vez por outra a necessidade de um pequeno empréstimo então recorri a bancos e vi como eles são exigentes para emprestar;;[{'text': 'eventualmente', 'timestamp': (0.06, 0.74)}, {'text': 'tive', 'timestamp': (0.92, 1.14)}, {'text': 'também', 'timestamp': (1.68, 2.02)}, {'text': 'um', 'timestamp': (2.68, 2.76)}, {'text': 'vez', 'timestamp': (3.56, 3.72)}, {'text': 'por', 'timestamp': (3.82, 3.94)}, {'text': 'outra', 'timestamp': (4.0, 4.28)}, {'text': 'a', 'timestamp': (4.92, 4.94)}, {'text': 'necessidade', 'timestamp': (5.2, 5.84)}, {'text': 'de', 'timestamp': (6.02, 6.08)}, {'text': 'um', 'timestamp': (7.32, 7.38)}, {'text': 'pequeno', 'timestamp': (7.48, 7.76)}, {'text': 'empréstimo', 'timestamp': (7.86, 8.44)}, {'text': 'então', 'timestamp': (8.6, 8.88)}, {'text': 'recorri', 'timestamp': (9.42, 9.74)}, {'text': 'a', 'timestamp': (9.84, 9.86)}, {'text': 'bancos', 'timestamp': (9.96, 10.3)}, {'text': 'e', 'timestamp': (11.0, 11.02)}, {'text': 'vi', 'timestamp': (11.12, 11.16)}, {'text': 'como', 'timestamp': (11.3, 11.42)}, {'text': 'eles', 'timestamp': (11.46, 11.58)}, {'text': 'são', 'timestamp': (11.66, 11.76)}, {'text': 'exigentes', 'timestamp': (11.84, 12.5)}, {'text': 'para', 'timestamp': (13.52, 13.68)}, {'text': 'emprestar', 'timestamp': (13.72, 14.2)}];0,07407407407407407;0,07407407407407407;0,07407407407407407;0,032679738562091505
./audios/SP_DID_250_144.38332_152.52808.wav;144,38332;152,52808;e muito mais:: PRÁticos... a:: no:: que tange a:: receber depósitos;e muito mais práticos a no que tange a receber depósitos;8,144759999999991;e muito mais práticos no que tange a receber depósito;;[{'text': 'e', 'timestamp': (0.04, 0.06)}, {'text': 'muito', 'timestamp': (0.14, 0.34)}, {'text': 'mais', 'timestamp': (0.44, 0.9)}, {'text': 'práticos', 'timestamp': (1.18, 1.84)}, {'text': 'no', 'timestamp': (5.2, 5.52)}, {'text': 'que', 'timestamp': (5.58, 5.66)}, {'text': 'tange', 'timestamp': (5.88, 6.28)}, {'text': 'a', 'timestamp': (6.66, 6.68)}, {'text': 'receber', 'timestamp': (6.94, 7.5)}, {'text': 'depósito', 'timestamp': (7.64, 8.08)}];0,18181818181818182;0,18181818181818182;0,26363636363636356;0,05357142857142857
./audios/SP_DID_250_153.23998_161.81552.wav;153,23998;161,81552;quer dizer eles recebem... o dinheiro da gente é com extrema facilidade... e soltam... com... bastante dificuldade;quer dizer eles recebem o dinheiro da gente é com extrema facilidade e soltam com bastante dificuldade;8,57553999999999;quer dizer eles recebem os dinheiros da gente com extrema facilidade e soltam com bastante dificuldade;;[{'text': 'quer', 'timestamp': (0.0, 0.08)}, {'text': 'dizer', 'timestamp': (0.1, 0.24)}, {'text': 'eles', 'timestamp': (0.32, 0.46)}, {'text': 'recebem', 'timestamp': (0.56, 1.12)}, {'text': 'os', 'timestamp': (1.56, 1.6)}, {'text': 'dinheiros', 'timestamp': (1.64, 1.88)}, {'text': 'da', 'timestamp': (1.9, 1.96)}, {'text': 'gente', 'timestamp': (2.06, 2.22)}, {'text': 'com', 'timestamp': (2.36, 2.44)}, {'text': 'extrema', 'timestamp': (2.5, 2.88)}, {'text': 'facilidade', 'timestamp': (2.98, 3.56)}, {'text': 'e', 'timestamp': (4.42, 4.44)}, {'text': 'soltam', 'timestamp': (4.68, 5.1)}, {'text': 'com', 'timestamp': (5.94, 6.1)}, {'text': 'bastante', 'timestamp': (7.1, 7.64)}, {'text': 'dificuldade', 'timestamp': (7.78, 8.38)}];0,17647058823529413;0,17647058823529413;0,27941176470588236;0,0392156862745098
./audios/SP_DID_250_162.19241_163.62399.wav;162,19241;163,62399;e com com muitas exigências;e com com muitas exigências;1,4315799999999967;e com muitas exigências;;[{'text': 'e', 'timestamp': (0.04, 0.06)}, {'text': 'com', 'timestamp': (0.24, 0.32)}, {'text': 'muitas', 'timestamp': (0.4, 0.68)}, {'text': 'exigências', 'timestamp': (0.76, 1.36)}];0,2;0,2;0,19999999999999996;0,14814814814814814
./audios/SP_DID_250_165.10348_169.08601.wav;165,10348;169,08601;agora o que mais que eu poderia dizer com referência a bancos?... e finanças?;agora o que mais que eu poderia dizer com referência a bancos e finanças;3,982529999999997;agora o que mais que eu poderia dizer com referência a panco e finais;;[{'text': 'agora', 'timestamp': (0.08, 0.36)}, {'text': 'o', 'timestamp': (0.44, 0.48)}, {'text': 'que', 'timestamp': (0.52, 0.6)}, {'text': 'mais', 'timestamp': (0.66, 0.8)}, {'text': 'que', 'timestamp': (0.84, 0.92)}, {'text': 'eu', 'timestamp': (0.96, 1.0)}, {'text': 'poderia', 'timestamp': (1.06, 1.38)}, {'text': 'dizer', 'timestamp': (1.46, 1.76)}, {'text': 'com', 'timestamp': (1.86, 1.96)}, {'text': 'referência', 'timestamp': (2.04, 2.56)}, {'text': 'a', 'timestamp': (2.6, 2.62)}, {'text': 'panco', 'timestamp': (2.78, 3.2)}, {'text': 'e', 'timestamp': (3.54, 3.56)}, {'text': 'finais', 'timestamp': (3.66, 3.92)}];0,14285714285714285;0,14285714285714285;0,26530612244897966;0,06944444444444445
./audios/SP_DID_250_170.53093_194.05277.wav;170,53093;194,05277;bem o o dentro do do contexto capitalista em que nós vivemos o banco é:: realmente... um::... um instrumento... de:: muita importância... nas::... atividades gerais de de de de::... de produção;bem o o dentro do do contexto capitalista em que nós vivemos o banco é realmente um um instrumento de muita importância nas atividades gerais de de de de de produção;23,521839999999997;bem o dentro do contexto capitalista em que nós vivemos o banco é realmente um instrumento de muita importância nas atividades gerais de de de de de produção;;[{'text': 'bem', 'timestamp': (0.04, 0.16)}, {'text': 'o', 'timestamp': (0.42, 0.44)}, {'text': 'dentro', 'timestamp': (1.08, 1.28)}, {'text': 'do', 'timestamp': (1.36, 1.76)}, {'text': 'contexto', 'timestamp': (1.88, 2.24)}, {'text': 'capitalista', 'timestamp': (2.32, 2.92)}, {'text': 'em', 'timestamp': (3.0, 3.04)}, {'text': 'que', 'timestamp': (3.08, 3.14)}, {'text': 'nós', 'timestamp': (3.22, 3.34)}, {'text': 'vivemos', 'timestamp': (3.42, 3.84)}, {'text': 'o', 'timestamp': (3.96, 4.0)}, {'text': 'banco', 'timestamp': (4.1, 4.42)}, {'text': 'é', 'timestamp': (4.66, 4.68)}, {'text': 'realmente', 'timestamp': (5.6, 6.1)}, {'text': 'um', 'timestamp': (7.02, 7.14)}, {'text': 'instrumento', 'timestamp': (9.56, 10.26)}, {'text': 'de', 'timestamp': (12.46, 12.52)}, {'text': 'muita', 'timestamp': (13.22, 13.4)}, {'text': 'importância', 'timestamp': (13.5, 14.18)}, {'text': 'nas', 'timestamp': (16.44, 17.22)}, {'text': 'atividades', 'timestamp': (17.42, 18.0)}, {'text': 'gerais', 'timestamp': (18.08, 18.44)}, {'text': 'de', 'timestamp': (18.56, 18.62)}, {'text': 'de', 'timestamp': (18.82, 18.9)}, {'text': 'de', 'timestamp': (19.12, 19.18)}, {'text': 'de', 'timestamp': (19.5, 19.56)}, {'text': 'de', 'timestamp': (22.84, 22.88)}, {'text': 'produção', 'timestamp': (22.98, 23.36)}];0,0967741935483871;0,0967741935483871;0,09677419354838712;0,048484848484848485
./audios/SP_DID_250_195.90941_210.0981.wav;195,90941;210,0981;a os organismos empresariais sobretudo é que têm necessidade de ter... relações digamos mais... éh... mais constantes... e::... mais vulTOsas em relação a bancos;a os organismos empresariais sobretudo é que têm necessidade de ter relações digamos mais eh mais constantes e mais vultosas em relação a bancos;14,18868999999998;aos organimos empresariais sobretudo é que tem necessidade de ter relações digamos mais mais constantes e mais vultosas em relação à banco;;[{'text': 'aos', 'timestamp': (0.12, 0.34)}, {'text': 'organimos', 'timestamp': (0.42, 0.76)}, {'text': 'empresariais', 'timestamp': (0.84, 1.4)}, {'text': 'sobretudo', 'timestamp': (1.48, 1.88)}, {'text': 'é', 'timestamp': (1.94, 1.96)}, {'text': 'que', 'timestamp': (2.02, 2.08)}, {'text': 'tem', 'timestamp': (2.14, 2.22)}, {'text': 'necessidade', 'timestamp': (2.34, 2.82)}, {'text': 'de', 'timestamp': (2.94, 3.0)}, {'text': 'ter', 'timestamp': (3.14, 3.3)}, {'text': 'relações', 'timestamp': (4.16, 4.7)}, {'text': 'digamos', 'timestamp': (4.78, 5.18)}, {'text': 'mais', 'timestamp': (5.26, 5.84)}, {'text': 'mais', 'timestamp': (7.4, 7.82)}, {'text': 'constantes', 'timestamp': (8.04, 8.72)}, {'text': 'e', 'timestamp': (10.86, 10.88)}, {'text': 'mais', 'timestamp': (12.06, 12.42)}, {'text': 'vultosas', 'timestamp': (12.54, 13.2)}, {'text': 'em', 'timestamp': (13.28, 13.32)}, {'text': 'relação', 'timestamp': (13.4, 13.76)}, {'text': 'à', 'timestamp': (13.82, 13.84)}, {'text': 'banco', 'timestamp': (13.9, 14.12)}];0,2916666666666667;0,2916666666666667;0,45265151515151514;0,05555555555555555
./audios/SP_DID_250_212.43571_221.22158.wav;212,43571;221,22158;agora quem sabe se vocês PREcisando... melhor ou ah... insistindo em determinadas perguntas eu poderia dizer mais alguma coisa;agora quem sabe se vocês precisando melhor ou ah insistindo em determinadas perguntas eu poderia dizer mais alguma coisa;8,785869999999989;agora quem sabe se vocês precisam melhor ou ou melhor insistindo em determinadas perguntas eu poderia dizer mais alguma coisa;;[{'text': 'agora', 'timestamp': (0.04, 0.22)}, {'text': 'quem', 'timestamp': (0.28, 0.4)}, {'text': 'sabe', 'timestamp': (0.5, 0.64)}, {'text': 'se', 'timestamp': (0.74, 0.8)}, {'text': 'vocês', 'timestamp': (0.92, 1.24)}, {'text': 'precisam', 'timestamp': (1.42, 2.14)}, {'text': 'melhor', 'timestamp': (3.02, 3.52)}, {'text': 'ou', 'timestamp': (3.64, 3.72)}, {'text': 'ou', 'timestamp': (3.84, 3.88)}, {'text': 'melhor', 'timestamp': (3.94, 4.16)}, {'text': 'insistindo', 'timestamp': (4.92, 5.44)}, {'text': 'em', 'timestamp': (5.5, 5.54)}, {'text': 'determinadas', 'timestamp': (5.6, 6.14)}, {'text': 'perguntas', 'timestamp': (6.22, 6.64)}, {'text': 'eu', 'timestamp': (6.74, 6.78)}, {'text': 'poderia', 'timestamp': (6.88, 7.22)}, {'text': 'dizer', 'timestamp': (7.3, 7.52)}, {'text': 'mais', 'timestamp': (7.62, 7.8)}, {'text': 'alguma', 'timestamp': (7.96, 8.2)}, {'text': 'coisa', 'timestamp': (8.36, 8.64)}];0,15789473684210525;0,15;0,23947368421052628;0,09166666666666666
./audios/SP_DID_250_235.24595_258.0591.wav;235,24595;258,0591;BOm o empregado... normalmente... qualquer:: ahn:: empregado... deve ser admitido... pelas empresas... dentro das exigências... da::... legislação trabalhista... a cê ele tê... Consolidação das Leis do Trabalho;bom o empregado normalmente qualquer ah empregado deve ser admitido pelas empresas dentro das exigências da legislação trabalhista a cê ele tê consolidação das leis do trabalho;22,813150000000007;bom o empregado normalmente qualquer empregado deve ser admitido pelas empresas dentro das exigências da legislação trabalhista a clt consolidação das leis do trabalho;;[{'text': 'bom', 'timestamp': (0.1, 0.22)}, {'text': 'o', 'timestamp': (0.54, 0.56)}, {'text': 'empregado', 'timestamp': (0.7, 1.28)}, {'text': 'normalmente', 'timestamp': (2.78, 3.4)}, {'text': 'qualquer', 'timestamp': (5.1, 5.86)}, {'text': 'empregado', 'timestamp': (7.08, 7.66)}, {'text': 'deve', 'timestamp': (9.64, 9.94)}, {'text': 'ser', 'timestamp': (10.36, 10.52)}, {'text': 'admitido', 'timestamp': (10.66, 11.24)}, {'text': 'pelas', 'timestamp': (12.04, 12.28)}, {'text': 'empresas', 'timestamp': (12.38, 12.82)}, {'text': 'dentro', 'timestamp': (13.72, 13.98)}, {'text': 'das', 'timestamp': (14.06, 14.18)}, {'text': 'exigências', 'timestamp': (14.26, 14.92)}, {'text': 'da', 'timestamp': (15.64, 15.74)}, {'text': 'legislação', 'timestamp': (17.7, 18.2)}, {'text': 'trabalhista', 'timestamp': (18.3, 18.78)}, {'text': 'a', 'timestamp': (19.26, 19.28)}, {'text': 'clt', 'timestamp': (19.4, 19.88)}, {'text': 'consolidação', 'timestamp': (21.24, 21.82)}, {'text': 'das', 'timestamp': (21.9, 22.02)}, {'text': 'leis', 'timestamp': (22.08, 22.2)}, {'text': 'do', 'timestamp': (22.24, 22.3)}, {'text': 'trabalho', 'timestamp': (22.36, 22.74)}];0,14814814814814814;0,14814814814814814;0,1836419753086419;0,05113636363636364
./audios/SP_DID_250_258.49654_284.98179.wav;258,49654;284,98179;então ele deve estar... ahn::... regulamentarmente registrado... (no) livro de trabalho... deve ser portador da carteira de trabalho... e em ambos os assentamentos do livro de trabalho na carteira de trabalho devem constar as condições... em que ele trabalha... hora de trabalho... salário... assentamento de férias pagas... em suma... todas as garantias... que a Legislação Trabalhista exige;então ele deve estar ah regulamentarmente registrado no livro de trabalho deve ser portador da carteira de trabalho e em ambos os assentamentos do livro de trabalho na carteira de trabalho devem constar as condições em que ele trabalha hora de trabalho salário assentamento de férias pagas em suma todas as garantias que a legislação trabalhista exige;26,485250000000008;então ele deve estar regulamentarmente registrado vive e trabalho deve ser portador da carteira de trabalho e em ambos os assentamentos do livro de trabalho da carteira de trabalho devem contar as condições em que ele trabalha horas de trabalho salário assentamento de férias pagas e sim a todas as garantias que a legislação trabalhista exige;;[{'text': 'então', 'timestamp': (0.08, 0.24)}, {'text': 'ele', 'timestamp': (0.3, 0.4)}, {'text': 'deve', 'timestamp': (0.48, 0.62)}, {'text': 'estar', 'timestamp': (0.68, 0.98)}, {'text': 'regulamentarmente', 'timestamp': (3.84, 4.68)}, {'text': 'registrado', 'timestamp': (4.8, 5.34)}, {'text': 'vive', 'timestamp': (6.3, 6.48)}, {'text': 'e', 'timestamp': (6.52, 6.54)}, {'text': 'trabalho', 'timestamp': (6.62, 7.02)}, {'text': 'deve', 'timestamp': (8.1, 8.24)}, {'text': 'ser', 'timestamp': (8.3, 8.4)}, {'text': 'portador', 'timestamp': (8.52, 8.92)}, {'text': 'da', 'timestamp': (8.98, 9.04)}, {'text': 'carteira', 'timestamp': (9.14, 9.52)}, {'text': 'de', 'timestamp': (9.56, 9.6)}, {'text': 'trabalho', 'timestamp': (9.68, 10.06)}, {'text': 'e', 'timestamp': (11.1, 11.12)}, {'text': 'em', 'timestamp': (11.22, 11.26)}, {'text': 'ambos', 'timestamp': (11.34, 11.56)}, {'text': 'os', 'timestamp': (11.64, 11.68)}, {'text': 'assentamentos', 'timestamp': (11.76, 12.34)}, {'text': 'do', 'timestamp': (12.42, 12.5)}, {'text': 'livro', 'timestamp': (12.54, 12.7)}, {'text': 'de', 'timestamp': (12.76, 12.8)}, {'text': 'trabalho', 'timestamp': (12.84, 13.14)}, {'text': 'da', 'timestamp': (13.2, 13.26)}, {'text': 'carteira', 'timestamp': (13.34, 13.66)}, {'text': 'de', 'timestamp': (13.7, 13.74)}, {'text': 'trabalho', 'timestamp': (13.78, 14.06)}, {'text': 'devem', 'timestamp': (14.16, 14.36)}, {'text': 'contar', 'timestamp': (14.46, 14.74)}, {'text': 'as', 'timestamp': (14.82, 14.88)}, {'text': 'condições', 'timestamp': (15.0, 15.58)}, {'text': 'em', 'timestamp': (16.08, 16.14)}, {'text': 'que', 'timestamp': (16.2, 16.3)}, {'text': 'ele', 'timestamp': (16.32, 16.44)}, {'text': 'trabalha', 'timestamp': (16.52, 16.84)}, {'text': 'horas', 'timestamp': (17.96, 18.14)}, {'text': 'de', 'timestamp': (18.18, 18.22)}, {'text': 'trabalho', 'timestamp': (18.28, 18.66)}, {'text': 'salário', 'timestamp': (19.68, 20.14)}, {'text': 'assentamento', 'timestamp': (21.1, 21.66)}, {'text': 'de', 'timestamp': (21.72, 21.78)}, {'text': 'férias', 'timestamp': (21.86, 22.14)}, {'text': 'pagas', 'timestamp': (22.22, 22.58)}, {'text': 'e', 'timestamp': (22.72, 22.74)}, {'text': 'sim', 'timestamp': (22.88, 23.02)}, {'text': 'a', 'timestamp': (23.14, 23.16)}, {'text': 'todas', 'timestamp': (23.24, 23.38)}, {'text': 'as', 'timestamp': (23.56, 23.62)}, {'text': 'garantias', 'timestamp': (23.66, 24.18)}, {'text': 'que', 'timestamp': (24.84, 24.9)}, {'text': 'a', 'timestamp': (24.94, 24.96)}, {'text': 'legislação', 'timestamp': (25.02, 25.42)}, {'text': 'trabalhista', 'timestamp': (25.52, 25.98)}, {'text': 'exige', 'timestamp': (26.08, 26.42)}];0,17543859649122806;0,1724137931034483;0,27819548872180455;0,045584045584045586
./audios/SP_DID_250_286.12931_329.73585.wav;286,12931;329,73585;se ele vem a ser despedido... de duas uma... ou o patrão... comprova... causa justa... que é uma situação prevista na Legislação do Trabalho... comprova... causa justa... para a::... a demissão... e então... haverá um acordo... com referência... àquilo... àquilo que o::... trabalhador nesse caso tem direito a receber... OU... se não se comprova a causa justa... o trabalhador dispensado... recorre à Justiça do Trabalho fazendo o que se chama uma reclamação;se ele vem a ser despedido de duas uma ou o patrão comprova causa justa que é uma situação prevista na legislação do trabalho comprova causa justa para a a demissão e então haverá um acordo com referência àquilo àquilo que o trabalhador nesse caso tem direito a receber ou se não se comprova a causa justa o trabalhador dispensado recorre à justiça do trabalho fazendo o que se chama uma reclamação;43,60654000000005;que ele venha a ser despedido de duas uma ou o patrão comprova causa justa que é uma situação prevista na legislação de trabalho comprova causa justa para a a demissão e então haverá um acordo com referência aquilo a aquilo que o trabalhador nesse caso tem direito a receber ou se não se comprova a causa justa um trabalhador dispensado recorre à justiça do trabalho fazendo o que se chama uma reclamação;;[{'text': 'que', 'timestamp': (0.0, 0.08)}, {'text': 'ele', 'timestamp': (0.12, 0.22)}, {'text': 'venha', 'timestamp': (0.26, 0.42)}, {'text': 'a', 'timestamp': (0.5, 0.52)}, {'text': 'ser', 'timestamp': (0.6, 0.76)}, {'text': 'despedido', 'timestamp': (0.88, 1.42)}, {'text': 'de', 'timestamp': (3.32, 3.38)}, {'text': 'duas', 'timestamp': (3.46, 3.72)}, {'text': 'uma', 'timestamp': (3.82, 3.98)}, {'text': 'ou', 'timestamp': (4.98, 5.1)}, {'text': 'o', 'timestamp': (5.4, 5.42)}, {'text': 'patrão', 'timestamp': (5.5, 5.86)}, {'text': 'comprova', 'timestamp': (7.42, 8.0)}, {'text': 'causa', 'timestamp': (9.16, 9.48)}, {'text': 'justa', 'timestamp': (9.62, 9.92)}, {'text': 'que', 'timestamp': (11.26, 11.36)}, {'text': 'é', 'timestamp': (11.46, 11.48)}, {'text': 'uma', 'timestamp': (11.64, 11.74)}, {'text': 'situação', 'timestamp': (11.84, 12.26)}, {'text': 'prevista', 'timestamp': (12.36, 12.76)}, {'text': 'na', 'timestamp': (12.86, 12.9)}, {'text': 'legislação', 'timestamp': (12.96, 13.4)}, {'text': 'de', 'timestamp': (13.44, 13.5)}, {'text': 'trabalho', 'timestamp': (13.54, 13.86)}, {'text': 'comprova', 'timestamp': (14.58, 15.1)}, {'text': 'causa', 'timestamp': (16.1, 16.44)}, {'text': 'justa', 'timestamp': (16.62, 16.96)}, {'text': 'para', 'timestamp': (17.54, 17.8)}, {'text': 'a', 'timestamp': (18.04, 18.06)}, {'text': 'a', 'timestamp': (18.72, 18.74)}, {'text': 'demissão', 'timestamp': (18.82, 19.26)}, {'text': 'e', 'timestamp': (20.58, 20.6)}, {'text': 'então', 'timestamp': (20.74, 21.0)}, {'text': 'haverá', 'timestamp': (22.46, 22.72)}, {'text': 'um', 'timestamp': (22.86, 22.9)}, {'text': 'acordo', 'timestamp': (22.98, 23.4)}, {'text': 'com', 'timestamp': (23.84, 23.94)}, {'text': 'referência', 'timestamp': (24.04, 24.7)}, {'text': 'aquilo', 'timestamp': (25.64, 26.18)}, {'text': 'a', 'timestamp': (27.64, 27.66)}, {'text': 'aquilo', 'timestamp': (27.76, 28.2)}, {'text': 'que', 'timestamp': (28.52, 28.6)}, {'text': 'o', 'timestamp': (28.76, 28.78)}, {'text': 'trabalhador', 'timestamp': (30.24, 30.7)}, {'text': 'nesse', 'timestamp': (30.78, 30.98)}, {'text': 'caso', 'timestamp': (31.04, 31.2)}, {'text': 'tem', 'timestamp': (31.3, 31.4)}, {'text': 'direito', 'timestamp': (31.46, 31.66)}, {'text': 'a', 'timestamp': (31.72, 31.74)}, {'text': 'receber', 'timestamp': (31.8, 32.14)}, {'text': 'ou', 'timestamp': (33.52, 33.66)}, {'text': 'se', 'timestamp': (34.04, 34.1)}, {'text': 'não', 'timestamp': (34.16, 34.24)}, {'text': 'se', 'timestamp': (34.32, 34.38)}, {'text': 'comprova', 'timestamp': (34.46, 34.88)}, {'text': 'a', 'timestamp': (34.96, 34.98)}, {'text': 'causa', 'timestamp': (35.06, 35.3)}, {'text': 'justa', 'timestamp': (35.42, 35.76)}, {'text': 'um', 'timestamp': (37.26, 37.32)}, {'text': 'trabalhador', 'timestamp': (37.38, 38.0)}, {'text': 'dispensado', 'timestamp': (38.12, 38.78)}, {'text': 'recorre', 'timestamp': (40.04, 40.56)}, {'text': 'à', 'timestamp': (40.74, 40.76)}, {'text': 'justiça', 'timestamp': (40.88, 41.2)}, {'text': 'do', 'timestamp': (41.26, 41.32)}, {'text': 'trabalho', 'timestamp': (41.38, 41.72)}, {'text': 'fazendo', 'timestamp': (41.88, 42.14)}, {'text': 'o', 'timestamp': (42.16, 42.18)}, {'text': 'que', 'timestamp': (42.22, 42.28)}, {'text': 'se', 'timestamp': (42.34, 42.4)}, {'text': 'chama', 'timestamp': (42.48, 42.66)}, {'text': 'uma', 'timestamp': (42.78, 42.84)}, {'text': 'reclamação', 'timestamp': (42.94, 43.52)}];0,09722222222222222;0,0958904109589041;0,1712328767123289;0,03015075376884422
./audios/SP_DID_250_331.21606_346.1972.wav;331,21606;346,1972;através dessa reclamação então... as partes... em conflito... quer dizer... o Operário despedido... e o patrão que o despediu... devem... provar a legalidade das respectivas atitudes;através dessa reclamação então as partes em conflito quer dizer o operário despedido e o patrão que o despediu devem provar a legalidade das respectivas atitudes;14,981139999999982;através dessa reclamação então as partes em conflito quer dizer o operário despedido e o patrão que despediu devem provar a legalidade das respectivas atitudes;;[{'text': 'através', 'timestamp': (0.06, 0.5)}, {'text': 'dessa', 'timestamp': (0.54, 0.74)}, {'text': 'reclamação', 'timestamp': (0.82, 1.36)}, {'text': 'então', 'timestamp': (1.46, 1.72)}, {'text': 'as', 'timestamp': (2.72, 2.78)}, {'text': 'partes', 'timestamp': (2.9, 3.28)}, {'text': 'em', 'timestamp': (4.74, 4.82)}, {'text': 'conflito', 'timestamp': (4.9, 5.3)}, {'text': 'quer', 'timestamp': (6.1, 6.2)}, {'text': 'dizer', 'timestamp': (6.26, 6.42)}, {'text': 'o', 'timestamp': (7.12, 7.14)}, {'text': 'operário', 'timestamp': (7.32, 7.86)}, {'text': 'despedido', 'timestamp': (7.88, 8.28)}, {'text': 'e', 'timestamp': (9.04, 9.06)}, {'text': 'o', 'timestamp': (9.14, 9.18)}, {'text': 'patrão', 'timestamp': (9.26, 9.56)}, {'text': 'que', 'timestamp': (9.66, 9.74)}, {'text': 'despediu', 'timestamp': (9.86, 10.26)}, {'text': 'devem', 'timestamp': (10.86, 11.2)}, {'text': 'provar', 'timestamp': (11.86, 12.26)}, {'text': 'a', 'timestamp': (12.54, 12.56)}, {'text': 'legalidade', 'timestamp': (12.64, 13.18)}, {'text': 'das', 'timestamp': (13.3, 13.4)}, {'text': 'respectivas', 'timestamp': (13.5, 14.22)}, {'text': 'atitudes', 'timestamp': (14.4, 14.94)}];0,038461538461538464;0,038461538461538464;0,038461538461538436;0,012422360248447204
./audios/SP_DID_250_348.35272_359.24.wav;348,35272;359,24;conforme o que ficar demonstrado... perante a Justiça Trabalhista... até julgamento final... o::... trabalhador recebe... àquilo a que ele tem direito;conforme o que ficar demonstrado perante a justiça trabalhista até julgamento final o trabalhador recebe àquilo a que ele tem direito;10,887280000000032;conforme o que fica demonstrado perante a justiça trabalhista até julgamento final o trabalhador recebe aquilo aquele que tem direito;;[{'text': 'conforme', 'timestamp': (0.06, 0.48)}, {'text': 'o', 'timestamp': (0.54, 0.56)}, {'text': 'que', 'timestamp': (0.58, 0.66)}, {'text': 'fica', 'timestamp': (0.74, 0.9)}, {'text': 'demonstrado', 'timestamp': (1.04, 1.74)}, {'text': 'perante', 'timestamp': (2.68, 3.1)}, {'text': 'a', 'timestamp': (3.46, 3.48)}, {'text': 'justiça', 'timestamp': (3.6, 4.0)}, {'text': 'trabalhista', 'timestamp': (4.12, 4.68)}, {'text': 'até', 'timestamp': (5.22, 5.4)}, {'text': 'julgamento', 'timestamp': (5.56, 6.0)}, {'text': 'final', 'timestamp': (6.08, 6.32)}, {'text': 'o', 'timestamp': (7.2, 7.22)}, {'text': 'trabalhador', 'timestamp': (7.88, 8.34)}, {'text': 'recebe', 'timestamp': (8.44, 8.88)}, {'text': 'aquilo', 'timestamp': (9.4, 9.8)}, {'text': 'aquele', 'timestamp': (9.92, 10.2)}, {'text': 'que', 'timestamp': (10.24, 10.3)}, {'text': 'tem', 'timestamp': (10.36, 10.46)}, {'text': 'direito', 'timestamp': (10.54, 10.78)}];0,19047619047619047;0,19047619047619047;0,3119047619047619;0,05263157894736842
./audios/SP_DID_250_361.37107_382.49988.wav;361,37107;382,49988;agora... eu tenho... a impressão... de que... a Justiça Trabalhista... eu não vou dizer que ela::... falha sempre... mas ela funciona muito mais... no sentido dos interesses... patronais... que dos trabalhistas;agora eu tenho a impressão de que a justiça trabalhista eu não vou dizer que ela falha sempre mas ela funciona muito mais no sentido dos interesses patronais que dos trabalhistas;21,128810000000044;agora eu tenho a impressão de que a justiça trabalhista eu não vou dizer que ela falha sempre mas ela funciona muito mais no sentido dos interesses patronae dos trabalhistas;;[{'text': 'agora', 'timestamp': (0.06, 0.32)}, {'text': 'eu', 'timestamp': (2.36, 2.46)}, {'text': 'tenho', 'timestamp': (2.64, 2.92)}, {'text': 'a', 'timestamp': (4.86, 4.88)}, {'text': 'impressão', 'timestamp': (4.96, 5.44)}, {'text': 'de', 'timestamp': (6.76, 6.82)}, {'text': 'que', 'timestamp': (6.96, 7.04)}, {'text': 'a', 'timestamp': (7.94, 7.96)}, {'text': 'justiça', 'timestamp': (8.08, 8.56)}, {'text': 'trabalhista', 'timestamp': (8.82, 9.5)}, {'text': 'eu', 'timestamp': (10.46, 10.52)}, {'text': 'não', 'timestamp': (10.58, 10.66)}, {'text': 'vou', 'timestamp': (10.7, 10.8)}, {'text': 'dizer', 'timestamp': (10.84, 10.98)}, {'text': 'que', 'timestamp': (11.06, 11.14)}, {'text': 'ela', 'timestamp': (11.16, 11.28)}, {'text': 'falha', 'timestamp': (11.7, 11.98)}, {'text': 'sempre', 'timestamp': (12.12, 12.42)}, {'text': 'mas', 'timestamp': (13.3, 13.4)}, {'text': 'ela', 'timestamp': (13.48, 13.58)}, {'text': 'funciona', 'timestamp': (13.74, 14.14)}, {'text': 'muito', 'timestamp': (14.26, 14.42)}, {'text': 'mais', 'timestamp': (14.54, 14.92)}, {'text': 'no', 'timestamp': (16.74, 16.82)}, {'text': 'sentido', 'timestamp': (16.96, 17.38)}, {'text': 'dos', 'timestamp': (17.62, 17.74)}, {'text': 'interesses', 'timestamp': (17.84, 18.4)}, {'text': 'patronae', 'timestamp': (18.72, 19.44)}, {'text': 'dos', 'timestamp': (19.54, 19.66)}, {'text': 'trabalhistas', 'timestamp': (19.72, 20.22)}];0,06451612903225806;0,06451612903225806;0,0956989247311828;0,028089887640449437
./audios/SP_DID_250_384.22209_397.00973.wav;384,22209;397,00973;mas é uma impressão... eu diria quase que de leigo porque eu não tenho... como bacharel em Direito eu não TEnho... experiência de advocacia em Justiça Trabalhista;mas é uma impressão eu diria quase que de leigo porque eu não tenho como bacharel em direito eu não tenho experiência de advocacia em justiça trabalhista;12,78764000000001;aí é uma impressão eu diria quase que de leigo porque eu não tenho como bacharela em direito eu não tenho experiência de advocacia injustiça a trabalhar;;[{'text': 'aí', 'timestamp': (0.04, 0.1)}, {'text': 'é', 'timestamp': (0.32, 0.34)}, {'text': 'uma', 'timestamp': (0.48, 0.58)}, {'text': 'impressão', 'timestamp': (0.66, 1.16)}, {'text': 'eu', 'timestamp': (1.96, 2.02)}, {'text': 'diria', 'timestamp': (2.18, 2.42)}, {'text': 'quase', 'timestamp': (2.54, 2.76)}, {'text': 'que', 'timestamp': (2.86, 2.94)}, {'text': 'de', 'timestamp': (3.0, 3.06)}, {'text': 'leigo', 'timestamp': (3.16, 3.52)}, {'text': 'porque', 'timestamp': (3.68, 3.96)}, {'text': 'eu', 'timestamp': (4.24, 4.28)}, {'text': 'não', 'timestamp': (4.4, 4.5)}, {'text': 'tenho', 'timestamp': (4.66, 4.9)}, {'text': 'como', 'timestamp': (6.28, 6.5)}, {'text': 'bacharela', 'timestamp': (6.7, 7.16)}, {'text': 'em', 'timestamp': (7.22, 7.26)}, {'text': 'direito', 'timestamp': (7.3, 7.54)}, {'text': 'eu', 'timestamp': (7.58, 7.68)}, {'text': 'não', 'timestamp': (7.78, 7.9)}, {'text': 'tenho', 'timestamp': (8.06, 8.34)}, {'text': 'experiência', 'timestamp': (9.12, 9.86)}, {'text': 'de', 'timestamp': (10.62, 10.68)}, {'text': 'advocacia', 'timestamp': (10.74, 11.36)}, {'text': 'injustiça', 'timestamp': (11.46, 11.9)}, {'text': 'a', 'timestamp': (11.94, 11.96)}, {'text': 'trabalhar', 'timestamp': (12.02, 12.38)}];0,18518518518518517;0,18518518518518517;0,3360768175582991;0,0784313725490196
./audios/SP_DID_250_399.62975_423.60086.wav;399,62975;423,60086;eu hoje estou confinado às minhas atividades de professor universitário... felizmente... estou muito contente com isso... vivo num ambiente sadio gosto de conviver com os meus discípulos... com os meus colegas... e::  estou afastado dessa... desse burburinho... desse corpo a corpo da da... da advocacia e da Justiça;eu hoje estou confinado às minhas atividades de professor universitário felizmente estou muito contente com isso vivo num ambiente sadio gosto de conviver com os meus discípulos com os meus colegas e estou afastado dessa desse burburinho desse corpo a corpo da da da advocacia e da justiça;23,97111000000001;eu hoje estou confinado às minhas atividades de professor universitário felizmente estou muito contente com isso vive num ambiente tadinho gosto de conviver com os meus micípio com os meus colegas e estou afastado de desse burburinho desse corpo a corpo da advocacia e da justiça;;[{'text': 'eu', 'timestamp': (0.04, 0.1)}, {'text': 'hoje', 'timestamp': (0.16, 0.34)}, {'text': 'estou', 'timestamp': (0.38, 0.56)}, {'text': 'confinado', 'timestamp': (0.66, 1.12)}, {'text': 'às', 'timestamp': (1.22, 1.26)}, {'text': 'minhas', 'timestamp': (1.34, 1.5)}, {'text': 'atividades', 'timestamp': (1.6, 2.12)}, {'text': 'de', 'timestamp': (2.18, 2.22)}, {'text': 'professor', 'timestamp': (2.3, 2.74)}, {'text': 'universitário', 'timestamp': (2.8, 3.48)}, {'text': 'felizmente', 'timestamp': (4.46, 5.02)}, {'text': 'estou', 'timestamp': (5.86, 5.98)}, {'text': 'muito', 'timestamp': (6.04, 6.18)}, {'text': 'contente', 'timestamp': (6.32, 6.72)}, {'text': 'com', 'timestamp': (6.8, 6.88)}, {'text': 'isso', 'timestamp': (6.96, 7.12)}, {'text': 'vive', 'timestamp': (8.74, 8.92)}, {'text': 'num', 'timestamp': (9.02, 9.1)}, {'text': 'ambiente', 'timestamp': (9.16, 9.44)}, {'text': 'tadinho', 'timestamp': (9.58, 9.96)}, {'text': 'gosto', 'timestamp': (10.18, 10.46)}, {'text': 'de', 'timestamp': (10.56, 10.6)}, {'text': 'conviver', 'timestamp': (10.72, 11.08)}, {'text': 'com', 'timestamp': (11.18, 11.24)}, {'text': 'os', 'timestamp': (11.3, 11.36)}, {'text': 'meus', 'timestamp': (11.42, 11.54)}, {'text': 'micípio', 'timestamp': (11.62, 12.06)}, {'text': 'com', 'timestamp': (13.24, 13.32)}, {'text': 'os', 'timestamp': (13.38, 13.42)}, {'text': 'meus', 'timestamp': (13.52, 13.66)}, {'text': 'colegas', 'timestamp': (13.74, 14.18)}, {'text': 'e', 'timestamp': (15.68, 15.7)}, {'text': 'estou', 'timestamp': (16.34, 16.54)}, {'text': 'afastado', 'timestamp': (16.6, 17.24)}, {'text': 'de', 'timestamp': (17.4, 17.46)}, {'text': 'desse', 'timestamp': (18.42, 18.64)}, {'text': 'burburinho', 'timestamp': (18.78, 19.6)}, {'text': 'desse', 'timestamp': (20.34, 20.58)}, {'text': 'corpo', 'timestamp': (20.72, 21.0)}, {'text': 'a', 'timestamp': (21.1, 21.12)}, {'text': 'corpo', 'timestamp': (21.24, 21.54)}, {'text': 'da', 'timestamp': (21.96, 22.56)}, {'text': 'advocacia', 'timestamp': (22.62, 23.3)}, {'text': 'e', 'timestamp': (23.32, 23.34)}, {'text': 'da', 'timestamp': (23.42, 23.48)}, {'text': 'justiça', 'timestamp': (23.54, 23.92)}];0,125;0,125;0,20108695652173914;0,06228373702422145
./audios/SP_DID_250_431.36512_444.634.wav;431,36512;444,634;bem... eu... eu devo dizer que::... ahn::... o que vou declarar... é muito aleatório porque como nós acabamos de ver eu não... SOU... um advogado militante;bem eu eu devo dizer que ah o que vou declarar é muito aleatório porque como nós acabamos de ver eu não sou um advogado militante;13,268880000000024;sim eu devo dizer que o que vou declarar é muito aleatório porque como nós acabamos de ver eu não sou um advogado militante;;[{'text': 'sim', 'timestamp': (0.02, 0.16)}, {'text': 'eu', 'timestamp': (0.42, 0.7)}, {'text': 'devo', 'timestamp': (0.8, 0.96)}, {'text': 'dizer', 'timestamp': (1.04, 1.34)}, {'text': 'que', 'timestamp': (1.48, 1.54)}, {'text': 'o', 'timestamp': (5.54, 5.58)}, {'text': 'que', 'timestamp': (5.64, 5.72)}, {'text': 'vou', 'timestamp': (5.84, 5.94)}, {'text': 'declarar', 'timestamp': (6.02, 6.54)}, {'text': 'é', 'timestamp': (8.14, 8.16)}, {'text': 'muito', 'timestamp': (8.26, 8.42)}, {'text': 'aleatório', 'timestamp': (8.54, 9.14)}, {'text': 'porque', 'timestamp': (9.24, 9.46)}, {'text': 'como', 'timestamp': (9.66, 9.82)}, {'text': 'nós', 'timestamp': (9.9, 10.04)}, {'text': 'acabamos', 'timestamp': (10.12, 10.6)}, {'text': 'de', 'timestamp': (10.68, 10.74)}, {'text': 'ver', 'timestamp': (10.84, 11.0)}, {'text': 'eu', 'timestamp': (11.1, 11.16)}, {'text': 'não', 'timestamp': (11.24, 11.34)}, {'text': 'sou', 'timestamp': (11.54, 11.74)}, {'text': 'um', 'timestamp': (12.06, 12.12)}, {'text': 'advogado', 'timestamp': (12.18, 12.68)}, {'text': 'militante', 'timestamp': (12.82, 13.22)}];0,11538461538461539;0,11538461538461539;0,15224358974358976;0,06201550387596899
./audios/SP_DID_250_446.21722_447.79356.wav;446,21722;447,79356;e não sou consultor de firmas;e não sou consultor de firmas;1,576340000000016;e não sou consultor de firmo;;[{'text': 'e', 'timestamp': (0.06, 0.08)}, {'text': 'não', 'timestamp': (0.16, 0.24)}, {'text': 'sou', 'timestamp': (0.38, 0.5)}, {'text': 'consultor', 'timestamp': (0.62, 1.12)}, {'text': 'de', 'timestamp': (1.18, 1.22)}, {'text': 'firmo', 'timestamp': (1.34, 1.54)}];0,16666666666666666;0,16666666666666666;0,30555555555555547;0,06896551724137931
./audios/SP_DID_250_449.6949_491.93256.wav;449,6949;491,93256;mas... ho-je... ah::... existe o que se chama o... Fundo de Garantia... quer dizer um depósito... que se processa por pagamentos... mensais... eu creio que... o patrão responde por uma parte... e o empregado descontado em seu salário responde por outra... mas esses depósitos vão constituído... vão constituindo um fundo... QUE mediante condições... --não posso precisar exatamente quais... porque  isso seria... ah:: uma questão de::: conhecer muito bem... a Legislação Trabalhista e eu estou afastado disso;mas hoje ah existe o que se chama o fundo de garantia quer dizer um depósito que se processa por pagamentos mensais eu creio que o patrão responde por uma parte e o empregado descontado em seu salário responde por outra mas esses depósitos vão constituído vão constituindo um fundo que mediante condições não posso precisar exatamente quais porque isso seria ah uma questão de conhecer muito bem a legislação trabalhista e eu estou afastado disso;42,237660000000005;mas hoje existe o que se chama o fundo de garantia quer dizer um depósito que se processa por pagamentos mensais eu creio que o patrão responde por uma parte e o empregado descontado em seu salário responde por outra mas esses depósitos vão constituindo vão constituindo um fundo que mediante condições não posso precisar exatamente quais porque isso seria uma questão de conhecer muito bem a legislação trabalhista e eu estou afastado disso;;[{'text': 'mas', 'timestamp': (0.06, 0.3)}, {'text': 'hoje', 'timestamp': (1.22, 1.52)}, {'text': 'existe', 'timestamp': (5.14, 5.64)}, {'text': 'o', 'timestamp': (6.0, 6.02)}, {'text': 'que', 'timestamp': (6.08, 6.16)}, {'text': 'se', 'timestamp': (6.28, 6.32)}, {'text': 'chama', 'timestamp': (6.44, 6.66)}, {'text': 'o', 'timestamp': (6.76, 6.78)}, {'text': 'fundo', 'timestamp': (7.0, 7.24)}, {'text': 'de', 'timestamp': (7.34, 7.4)}, {'text': 'garantia', 'timestamp': (7.5, 8.06)}, {'text': 'quer', 'timestamp': (9.04, 9.16)}, {'text': 'dizer', 'timestamp': (9.2, 9.38)}, {'text': 'um', 'timestamp': (9.6, 9.66)}, {'text': 'depósito', 'timestamp': (9.74, 10.36)}, {'text': 'que', 'timestamp': (11.26, 11.34)}, {'text': 'se', 'timestamp': (11.42, 11.48)}, {'text': 'processa', 'timestamp': (11.58, 12.1)}, {'text': 'por', 'timestamp': (12.3, 12.42)}, {'text': 'pagamentos', 'timestamp': (12.58, 13.24)}, {'text': 'mensais', 'timestamp': (13.94, 14.46)}, {'text': 'eu', 'timestamp': (15.0, 15.08)}, {'text': 'creio', 'timestamp': (15.2, 15.44)}, {'text': 'que', 'timestamp': (15.58, 15.64)}, {'text': 'o', 'timestamp': (16.56, 16.58)}, {'text': 'patrão', 'timestamp': (16.68, 17.0)}, {'text': 'responde', 'timestamp': (17.14, 17.56)}, {'text': 'por', 'timestamp': (17.68, 17.78)}, {'text': 'uma', 'timestamp': (17.84, 17.94)}, {'text': 'parte', 'timestamp': (18.06, 18.36)}, {'text': 'e', 'timestamp': (19.26, 19.28)}, {'text': 'o', 'timestamp': (19.4, 19.42)}, {'text': 'empregado', 'timestamp': (19.5, 20.02)}, {'text': 'descontado', 'timestamp': (20.18, 20.76)}, {'text': 'em', 'timestamp': (20.84, 20.88)}, {'text': 'seu', 'timestamp': (20.96, 21.06)}, {'text': 'salário', 'timestamp': (21.16, 21.44)}, {'text': 'responde', 'timestamp': (21.58, 21.92)}, {'text': 'por', 'timestamp': (22.02, 22.1)}, {'text': 'outra', 'timestamp': (22.16, 22.34)}, {'text': 'mas', 'timestamp': (23.06, 23.18)}, {'text': 'esses', 'timestamp': (23.34, 23.6)}, {'text': 'depósitos', 'timestamp': (23.68, 24.3)}, {'text': 'vão', 'timestamp': (24.5, 24.6)}, {'text': 'constituindo', 'timestamp': (24.74, 25.42)}, {'text': 'vão', 'timestamp': (25.78, 25.88)}, {'text': 'constituindo', 'timestamp': (26.02, 26.82)}, {'text': 'um', 'timestamp': (27.08, 27.18)}, {'text': 'fundo', 'timestamp': (27.36, 27.64)}, {'text': 'que', 'timestamp': (28.6, 28.66)}, {'text': 'mediante', 'timestamp': (28.92, 29.28)}, {'text': 'condições', 'timestamp': (29.46, 30.04)}, {'text': 'não', 'timestamp': (30.88, 30.96)}, {'text': 'posso', 'timestamp': (31.08, 31.3)}, {'text': 'precisar', 'timestamp': (31.44, 31.86)}, {'text': 'exatamente', 'timestamp': (31.94, 32.46)}, {'text': 'quais', 'timestamp': (32.6, 32.84)}, {'text': 'porque', 'timestamp': (33.36, 33.54)}, {'text': 'isso', 'timestamp': (33.58, 33.72)}, {'text': 'seria', 'timestamp': (33.82, 34.12)}, {'text': 'uma', 'timestamp': (35.24, 35.34)}, {'text': 'questão', 'timestamp': (35.44, 35.8)}, {'text': 'de', 'timestamp': (35.96, 36.02)}, {'text': 'conhecer', 'timestamp': (37.84, 38.28)}, {'text': 'muito', 'timestamp': (38.4, 38.58)}, {'text': 'bem', 'timestamp': (38.74, 38.94)}, {'text': 'a', 'timestamp': (39.84, 39.86)}, {'text': 'legislação', 'timestamp': (40.0, 40.44)}, {'text': 'trabalhista', 'timestamp': (40.54, 41.06)}, {'text': 'e', 'timestamp': (41.12, 41.14)}, {'text': 'eu', 'timestamp': (41.3, 41.34)}, {'text': 'estou', 'timestamp': (41.36, 41.5)}, {'text': 'afastado', 'timestamp': (41.54, 41.98)}, {'text': 'disso', 'timestamp': (42.08, 42.2)}];0,039473684210526314;0,039473684210526314;0,05245376955903269;0,017937219730941704
./audios/SP_DID_250_492.93863_520.15454.wav;492,93863;520,15454;MAS... Ah:: preenchidas as condições legais... o fundo de garantia... justamente assegura... ao empregado que se retira... um:: certo:: ressarcimento... não é?... que pelo menos durante algum tempo lhe permitirá... a:::... a subsistência... até que ele naturalmente obtenha... um um novo emprego;mas ah preenchidas as condições legais o fundo de garantia justamente assegura ao empregado que se retira um certo ressarcimento não é que pelo menos durante algum tempo lhe permitirá a a subsistência até que ele naturalmente obtenha um um novo emprego;27,215910000000008;mas a preenchidas as condições legais o fundo de garantia justamente é segura a um empregado que se retira ou um certo resarcimento não é pelo menos durante algum tempo lhe permitirá a subsistência até que ele naturalmente obtenha um novo emprego;;[{'text': 'mas', 'timestamp': (0.1, 0.42)}, {'text': 'a', 'timestamp': (1.06, 1.08)}, {'text': 'preenchidas', 'timestamp': (1.62, 2.2)}, {'text': 'as', 'timestamp': (2.28, 2.36)}, {'text': 'condições', 'timestamp': (2.42, 2.8)}, {'text': 'legais', 'timestamp': (2.86, 3.3)}, {'text': 'o', 'timestamp': (4.24, 4.26)}, {'text': 'fundo', 'timestamp': (4.42, 4.64)}, {'text': 'de', 'timestamp': (4.72, 4.76)}, {'text': 'garantia', 'timestamp': (4.84, 5.34)}, {'text': 'justamente', 'timestamp': (5.74, 6.22)}, {'text': 'é', 'timestamp': (6.34, 6.36)}, {'text': 'segura', 'timestamp': (6.52, 6.92)}, {'text': 'a', 'timestamp': (7.84, 7.86)}, {'text': 'um', 'timestamp': (7.92, 7.96)}, {'text': 'empregado', 'timestamp': (8.04, 8.56)}, {'text': 'que', 'timestamp': (8.7, 8.78)}, {'text': 'se', 'timestamp': (8.9, 8.94)}, {'text': 'retira', 'timestamp': (9.08, 9.46)}, {'text': 'ou', 'timestamp': (11.24, 11.38)}, {'text': 'um', 'timestamp': (11.78, 11.96)}, {'text': 'certo', 'timestamp': (12.16, 12.56)}, {'text': 'resarcimento', 'timestamp': (13.1, 13.96)}, {'text': 'não', 'timestamp': (15.4, 15.5)}, {'text': 'é', 'timestamp': (15.56, 15.58)}, {'text': 'pelo', 'timestamp': (16.62, 16.76)}, {'text': 'menos', 'timestamp': (16.82, 16.98)}, {'text': 'durante', 'timestamp': (17.04, 17.24)}, {'text': 'algum', 'timestamp': (17.32, 17.5)}, {'text': 'tempo', 'timestamp': (17.62, 17.82)}, {'text': 'lhe', 'timestamp': (17.94, 18.02)}, {'text': 'permitirá', 'timestamp': (18.16, 18.68)}, {'text': 'a', 'timestamp': (20.56, 20.58)}, {'text': 'subsistência', 'timestamp': (20.7, 21.5)}, {'text': 'até', 'timestamp': (22.52, 22.72)}, {'text': 'que', 'timestamp': (22.94, 23.0)}, {'text': 'ele', 'timestamp': (23.12, 23.28)}, {'text': 'naturalmente', 'timestamp': (24.0, 24.54)}, {'text': 'obtenha', 'timestamp': (24.86, 25.34)}, {'text': 'um', 'timestamp': (26.5, 26.56)}, {'text': 'novo', 'timestamp': (26.62, 26.78)}, {'text': 'emprego', 'timestamp': (26.86, 27.14)}];0,23809523809523808;0,2222222222222222;0,30555555555555547;0,07539682539682539
./audios/SP_DID_250_521.40206_523.90477.wav;521,40206;523,90477;eu tenho impressão que hoje (ele) se processa dessa maneira;eu tenho impressão que hoje ele se processa dessa maneira;2,502709999999979;eu tenho a impressão que hoje se processa dessa maneira;;[{'text': 'eu', 'timestamp': (0.02, 0.08)}, {'text': 'tenho', 'timestamp': (0.14, 0.28)}, {'text': 'a', 'timestamp': (0.3, 0.32)}, {'text': 'impressão', 'timestamp': (0.36, 0.72)}, {'text': 'que', 'timestamp': (0.82, 0.9)}, {'text': 'hoje', 'timestamp': (0.98, 1.18)}, {'text': 'se', 'timestamp': (1.3, 1.42)}, {'text': 'processa', 'timestamp': (1.54, 1.92)}, {'text': 'dessa', 'timestamp': (2.0, 2.22)}, {'text': 'maneira', 'timestamp': (2.3, 2.46)}];0,2;0,18181818181818182;0,18999999999999995;0,10526315789473684
./audios/SP_DID_250_524.08586_537.50011.wav;524,08586;537,50011;ANtes do Fundo de Garantia... a questão é que se resolvia... nos termos daque::la... ahn::: dispensa que eu me referi... quando respondi à:: à pergunta anterior se não estou enganado;antes do fundo de garantia a questão é que se resolvia nos termos daquela ah dispensa que eu me referi quando respondi à à pergunta anterior se não estou enganado;13,414249999999925;antes do fundo de garantia a questão é que se resolvia nos termos daquela dispensa a que eu me referi quando respondi à pergunta anterior se não estou enganada;;[{'text': 'antes', 'timestamp': (0.06, 0.34)}, {'text': 'do', 'timestamp': (0.4, 0.46)}, {'text': 'fundo', 'timestamp': (0.56, 0.74)}, {'text': 'de', 'timestamp': (0.8, 0.84)}, {'text': 'garantia', 'timestamp': (0.9, 1.32)}, {'text': 'a', 'timestamp': (2.38, 2.4)}, {'text': 'questão', 'timestamp': (2.48, 2.82)}, {'text': 'é', 'timestamp': (3.04, 3.06)}, {'text': 'que', 'timestamp': (3.14, 3.22)}, {'text': 'se', 'timestamp': (3.34, 3.38)}, {'text': 'resolvia', 'timestamp': (3.52, 4.08)}, {'text': 'nos', 'timestamp': (4.92, 5.06)}, {'text': 'termos', 'timestamp': (5.18, 5.5)}, {'text': 'daquela', 'timestamp': (5.6, 6.06)}, {'text': 'dispensa', 'timestamp': (7.62, 8.04)}, {'text': 'a', 'timestamp': (8.12, 8.14)}, {'text': 'que', 'timestamp': (8.18, 8.26)}, {'text': 'eu', 'timestamp': (8.28, 8.32)}, {'text': 'me', 'timestamp': (8.38, 8.42)}, {'text': 'referi', 'timestamp': (8.5, 8.8)}, {'text': 'quando', 'timestamp': (10.22, 10.38)}, {'text': 'respondi', 'timestamp': (10.5, 10.86)}, {'text': 'à', 'timestamp': (11.58, 11.6)}, {'text': 'pergunta', 'timestamp': (11.68, 11.98)}, {'text': 'anterior', 'timestamp': (12.08, 12.46)}, {'text': 'se', 'timestamp': (12.56, 12.62)}, {'text': 'não', 'timestamp': (12.66, 12.74)}, {'text': 'estou', 'timestamp': (12.78, 12.94)}, {'text': 'enganada', 'timestamp': (13.0, 13.36)}];0,13333333333333333;0,13333333333333333;0,22298850574712636;0,04938271604938271
./audios/SP_DID_250_539.36468_554.16315.wav;539,36468;554,16315;foi até muito bom é/... éh:: muito boa essa pergunta agora porque... ficou mais claro fazer agora... ficou mais clara a explicação... configurada essa essa saída do... do trabalhador não é?;foi até muito bom é eh muito boa essa pergunta agora porque ficou mais claro fazer agora ficou mais clara a explicação configurada essa essa saída do do trabalhador não é;14,798469999999952;foi até muito muito boa essa pergunta agora porque ficou mais claro talvez agora ficou mais claro a explicação configurada essa essa saída do trabalhador não;;[{'text': 'foi', 'timestamp': (0.02, 0.08)}, {'text': 'até', 'timestamp': (0.12, 0.24)}, {'text': 'muito', 'timestamp': (0.34, 0.68)}, {'text': 'muito', 'timestamp': (1.6, 1.76)}, {'text': 'boa', 'timestamp': (1.88, 2.0)}, {'text': 'essa', 'timestamp': (2.04, 2.2)}, {'text': 'pergunta', 'timestamp': (2.26, 2.6)}, {'text': 'agora', 'timestamp': (2.7, 2.98)}, {'text': 'porque', 'timestamp': (3.12, 3.36)}, {'text': 'ficou', 'timestamp': (5.54, 5.82)}, {'text': 'mais', 'timestamp': (5.92, 6.08)}, {'text': 'claro', 'timestamp': (6.22, 6.48)}, {'text': 'talvez', 'timestamp': (6.62, 7.0)}, {'text': 'agora', 'timestamp': (7.1, 7.44)}, {'text': 'ficou', 'timestamp': (8.96, 9.14)}, {'text': 'mais', 'timestamp': (9.2, 9.34)}, {'text': 'claro', 'timestamp': (9.44, 9.64)}, {'text': 'a', 'timestamp': (9.68, 9.7)}, {'text': 'explicação', 'timestamp': (9.74, 10.34)}, {'text': 'configurada', 'timestamp': (11.5, 12.08)}, {'text': 'essa', 'timestamp': (12.16, 12.4)}, {'text': 'essa', 'timestamp': (12.54, 12.76)}, {'text': 'saída', 'timestamp': (13.04, 13.42)}, {'text': 'do', 'timestamp': (13.52, 13.9)}, {'text': 'trabalhador', 'timestamp': (13.96, 14.52)}, {'text': 'não', 'timestamp': (14.58, 14.66)}];0,22580645161290322;0,22580645161290322;0,2853598014888338;0,11176470588235295
./audios/SP_DID_250_554.88081_556.49181.wav;554,88081;556,49181;por::: de modo próprio;por de modo próprio;1,61099999999999;por ano e de mata pra;;[{'text': 'por', 'timestamp': (0.0, 0.34)}, {'text': 'ano', 'timestamp': (0.42, 0.7)}, {'text': 'e', 'timestamp': (0.86, 0.88)}, {'text': 'de', 'timestamp': (1.0, 1.06)}, {'text': 'mata', 'timestamp': (1.14, 1.32)}, {'text': 'pra', 'timestamp': (1.42, 1.58)}];1,0;0,6666666666666666;0,8333333333333334;0,6842105263157895
./audios/SP_DID_250_563.06947_579.56439.wav;563,06947;579,56439;o acordo se processava ou melhor... acordo... haveria... se as partes... concordassem... em que::... uma delas pagaria... o patrão... e a outra receberia o empregado uma determinada importância;o acordo se processava ou melhor acordo haveria se as partes concordassem em que uma delas pagaria o patrão e a outra receberia o empregado uma determinada importância;16,49491999999998;o acordo se processava ou melhor acordo haveria se as partes concordassem em que uma delas pagaria o patrão e a outra receberia o empregado uma determinada importância;;[{'text': 'o', 'timestamp': (0.04, 0.08)}, {'text': 'acordo', 'timestamp': (0.14, 0.52)}, {'text': 'se', 'timestamp': (0.64, 0.7)}, {'text': 'processava', 'timestamp': (0.82, 1.52)}, {'text': 'ou', 'timestamp': (1.74, 1.78)}, {'text': 'melhor', 'timestamp': (1.84, 2.08)}, {'text': 'acordo', 'timestamp': (2.9, 3.4)}, {'text': 'haveria', 'timestamp': (4.12, 4.66)}, {'text': 'se', 'timestamp': (5.62, 5.68)}, {'text': 'as', 'timestamp': (5.82, 5.88)}, {'text': 'partes', 'timestamp': (6.0, 6.46)}, {'text': 'concordassem', 'timestamp': (6.66, 7.5)}, {'text': 'em', 'timestamp': (8.3, 8.48)}, {'text': 'que', 'timestamp': (8.64, 8.7)}, {'text': 'uma', 'timestamp': (9.94, 10.1)}, {'text': 'delas', 'timestamp': (10.22, 10.54)}, {'text': 'pagaria', 'timestamp': (10.66, 11.16)}, {'text': 'o', 'timestamp': (11.8, 11.84)}, {'text': 'patrão', 'timestamp': (11.9, 12.22)}, {'text': 'e', 'timestamp': (13.02, 13.04)}, {'text': 'a', 'timestamp': (13.12, 13.14)}, {'text': 'outra', 'timestamp': (13.24, 13.48)}, {'text': 'receberia', 'timestamp': (13.6, 14.2)}, {'text': 'o', 'timestamp': (14.3, 14.32)}, {'text': 'empregado', 'timestamp': (14.38, 14.86)}, {'text': 'uma', 'timestamp': (15.06, 15.16)}, {'text': 'determinada', 'timestamp': (15.22, 15.76)}, {'text': 'importância', 'timestamp': (15.86, 16.42)}];0,0;0,0;0,0;0,0
./audios/SP_DID_250_581.58272_601.17975.wav;581,58272;601,17975;Ou então... se não houvesse acordo... a demanda... seguiria o seu trâmite... até final --em geral as causas iam terminar no... Supremo Tribunal do Trabalho--... e::... então por decisão Ju/... Judicial... o funcionário receberia;ou então se não houvesse acordo a demanda seguiria o seu trâmite até final em geral as causas iam terminar no supremo tribunal do trabalho e então por decisão ju judicial o funcionário receberia;19,597030000000018;ou então se não houvesse a corda a demanda seguiria o seu trâmite até final em geral as causas iam terminar no supremo tribunal do trabalho e então por decisão judicial o funcionário receberia;;[{'text': 'ou', 'timestamp': (0.06, 0.14)}, {'text': 'então', 'timestamp': (0.22, 0.52)}, {'text': 'se', 'timestamp': (1.26, 1.32)}, {'text': 'não', 'timestamp': (1.44, 1.56)}, {'text': 'houvesse', 'timestamp': (1.64, 2.08)}, {'text': 'a', 'timestamp': (2.14, 2.16)}, {'text': 'corda', 'timestamp': (2.24, 2.56)}, {'text': 'a', 'timestamp': (4.0, 4.02)}, {'text': 'demanda', 'timestamp': (4.38, 4.88)}, {'text': 'seguiria', 'timestamp': (5.76, 6.14)}, {'text': 'o', 'timestamp': (6.2, 6.22)}, {'text': 'seu', 'timestamp': (6.28, 6.38)}, {'text': 'trâmite', 'timestamp': (6.5, 6.86)}, {'text': 'até', 'timestamp': (7.1, 7.26)}, {'text': 'final', 'timestamp': (7.4, 7.64)}, {'text': 'em', 'timestamp': (7.82, 7.88)}, {'text': 'geral', 'timestamp': (7.96, 8.22)}, {'text': 'as', 'timestamp': (8.3, 8.34)}, {'text': 'causas', 'timestamp': (8.44, 8.78)}, {'text': 'iam', 'timestamp': (8.88, 9.0)}, {'text': 'terminar', 'timestamp': (9.1, 9.48)}, {'text': 'no', 'timestamp': (9.58, 9.64)}, {'text': 'supremo', 'timestamp': (10.32, 10.74)}, {'text': 'tribunal', 'timestamp': (10.88, 11.34)}, {'text': 'do', 'timestamp': (11.44, 11.48)}, {'text': 'trabalho', 'timestamp': (11.58, 11.94)}, {'text': 'e', 'timestamp': (14.08, 14.1)}, {'text': 'então', 'timestamp': (14.84, 15.08)}, {'text': 'por', 'timestamp': (15.22, 15.32)}, {'text': 'decisão', 'timestamp': (15.44, 15.88)}, {'text': 'judicial', 'timestamp': (16.36, 16.92)}, {'text': 'o', 'timestamp': (17.78, 17.8)}, {'text': 'funcionário', 'timestamp': (18.18, 18.74)}, {'text': 'receberia', 'timestamp': (18.86, 19.52)}];0,08823529411764706;0,08571428571428572;0,11418685121107264;0,02577319587628866
./audios/SP_DID_250_602.26999_606.32393.wav;602,26999;606,32393;e/ eu ahn::: posso citar um caso concreto meu;e eu ah posso citar um caso concreto meu;4,053940000000011;e eu posso citar um caso concreto meu;;[{'text': 'e', 'timestamp': (0.08, 0.1)}, {'text': 'eu', 'timestamp': (0.3, 0.38)}, {'text': 'posso', 'timestamp': (1.86, 2.04)}, {'text': 'citar', 'timestamp': (2.16, 2.44)}, {'text': 'um', 'timestamp': (2.76, 2.8)}, {'text': 'caso', 'timestamp': (2.9, 3.12)}, {'text': 'concreto', 'timestamp': (3.24, 3.68)}, {'text': 'meu', 'timestamp': (3.8, 3.94)}];0,1111111111111111;0,1111111111111111;0,11111111111111116;0,075
./audios/SP_DID_250_607.70978_625.13219.wav;607,70978;625,13219;no tempo em que eu trabalhava... no:: no curso secundário... o:::... Liceu Panamericano que era mantido pela Escola Paulista de Medicina... teve as suas atividades interrompidas... por decisão... da instituição mantenedora;no tempo em que eu trabalhava no no curso secundário o liceu panamericano que era mantido pela escola paulista de medicina teve as suas atividades interrompidas por decisão da instituição mantenedora;17,422410000000013;no tempo em que eu trabalhava no curso secundário o liceu panamericano que era mantido pela escola paulista de medicina teve as suas atividades interrompidas por decisão da instituição mantenedora;;[{'text': 'no', 'timestamp': (0.08, 0.14)}, {'text': 'tempo', 'timestamp': (0.26, 0.44)}, {'text': 'em', 'timestamp': (0.54, 0.58)}, {'text': 'que', 'timestamp': (0.62, 0.7)}, {'text': 'eu', 'timestamp': (0.76, 0.8)}, {'text': 'trabalhava', 'timestamp': (0.86, 1.48)}, {'text': 'no', 'timestamp': (3.1, 3.18)}, {'text': 'curso', 'timestamp': (3.28, 3.48)}, {'text': 'secundário', 'timestamp': (3.6, 4.16)}, {'text': 'o', 'timestamp': (7.7, 7.72)}, {'text': 'liceu', 'timestamp': (7.76, 8.08)}, {'text': 'panamericano', 'timestamp': (8.22, 8.82)}, {'text': 'que', 'timestamp': (8.9, 8.98)}, {'text': 'era', 'timestamp': (9.0, 9.08)}, {'text': 'mantido', 'timestamp': (9.14, 9.42)}, {'text': 'pela', 'timestamp': (9.5, 9.62)}, {'text': 'escola', 'timestamp': (9.68, 9.92)}, {'text': 'paulista', 'timestamp': (10.02, 10.38)}, {'text': 'de', 'timestamp': (10.44, 10.48)}, {'text': 'medicina', 'timestamp': (10.54, 10.92)}, {'text': 'teve', 'timestamp': (12.5, 12.7)}, {'text': 'as', 'timestamp': (12.76, 12.8)}, {'text': 'suas', 'timestamp': (12.86, 13.0)}, {'text': 'atividades', 'timestamp': (13.06, 13.46)}, {'text': 'interrompidas', 'timestamp': (13.54, 14.24)}, {'text': 'por', 'timestamp': (14.86, 14.98)}, {'text': 'decisão', 'timestamp': (15.06, 15.52)}, {'text': 'da', 'timestamp': (16.16, 16.22)}, {'text': 'instituição', 'timestamp': (16.28, 16.68)}, {'text': 'mantenedora', 'timestamp': (16.76, 17.36)}];0,03225806451612903;0,03225806451612903;0,032258064516129004;0,01507537688442211
./audios/SP_DID_250_625.13219_627.8513.wav;625,13219;627,8513;quer dizer a escola resolveu encerrar as atividades do Liceu;quer dizer a escola resolveu encerrar as atividades do liceu;2,7191100000000006;quer dizer a escola resolveu encerrar as atividades do licença;;[{'text': 'quer', 'timestamp': (0.04, 0.14)}, {'text': 'dizer', 'timestamp': (0.18, 0.3)}, {'text': 'a', 'timestamp': (0.32, 0.34)}, {'text': 'escola', 'timestamp': (0.4, 0.68)}, {'text': 'resolveu', 'timestamp': (0.78, 1.1)}, {'text': 'encerrar', 'timestamp': (1.16, 1.48)}, {'text': 'as', 'timestamp': (1.52, 1.58)}, {'text': 'atividades', 'timestamp': (1.64, 2.14)}, {'text': 'do', 'timestamp': (2.22, 2.28)}, {'text': 'licença', 'timestamp': (2.34, 2.64)}];0,1;0,1;0,18999999999999995;0,05
./audios/SP_DID_250_628.99191_631.48438.wav;628,99191;631,48438;eu e outros colegas éramos professores do Liceu;eu e outros colegas éramos professores do liceu;2,4924700000000257;eu e outros colegas éramos professores do lite;;[{'text': 'eu', 'timestamp': (0.06, 0.16)}, {'text': 'e', 'timestamp': (0.32, 0.34)}, {'text': 'outros', 'timestamp': (0.44, 0.7)}, {'text': 'colegas', 'timestamp': (0.78, 1.16)}, {'text': 'éramos', 'timestamp': (1.24, 1.44)}, {'text': 'professores', 'timestamp': (1.52, 2.06)}, {'text': 'do', 'timestamp': (2.12, 2.16)}, {'text': 'lite', 'timestamp': (2.22, 2.38)}];0,125;0,125;0,234375;0,0425531914893617
./audios/SP_DID_250_633.65096_651.66959.wav;633,65096;651,66959;encerradas as atividades... sob a alegação... de... força maior... motivo de força maior... impossibilidade financeira de continuar mantendo... o Liceu... é::... o:: advogado da Escola Paulista... fez a todos uma proposta;encerradas as atividades sob a alegação de força maior motivo de força maior impossibilidade financeira de continuar mantendo o liceu é o advogado da escola paulista fez a todos uma proposta;18,018629999999916;encerrado as atividades sobre a ligação de força maior um tipo de força maior e possibilidade financeira de continuar mantendo um liceu o advogado da escola paulista fez a todos uma proposta;;[{'text': 'encerrado', 'timestamp': (0.08, 0.48)}, {'text': 'as', 'timestamp': (0.52, 0.6)}, {'text': 'atividades', 'timestamp': (0.7, 1.16)}, {'text': 'sobre', 'timestamp': (1.46, 1.62)}, {'text': 'a', 'timestamp': (1.64, 1.66)}, {'text': 'ligação', 'timestamp': (1.72, 2.14)}, {'text': 'de', 'timestamp': (2.5, 2.56)}, {'text': 'força', 'timestamp': (3.06, 3.3)}, {'text': 'maior', 'timestamp': (3.36, 3.6)}, {'text': 'um', 'timestamp': (3.84, 3.88)}, {'text': 'tipo', 'timestamp': (3.94, 4.1)}, {'text': 'de', 'timestamp': (4.14, 4.2)}, {'text': 'força', 'timestamp': (4.28, 4.5)}, {'text': 'maior', 'timestamp': (4.56, 4.8)}, {'text': 'e', 'timestamp': (6.16, 6.18)}, {'text': 'possibilidade', 'timestamp': (6.34, 6.88)}, {'text': 'financeira', 'timestamp': (7.0, 7.48)}, {'text': 'de', 'timestamp': (7.56, 7.6)}, {'text': 'continuar', 'timestamp': (7.72, 8.12)}, {'text': 'mantendo', 'timestamp': (8.22, 8.7)}, {'text': 'um', 'timestamp': (9.64, 9.68)}, {'text': 'liceu', 'timestamp': (9.72, 10.0)}, {'text': 'o', 'timestamp': (14.12, 14.14)}, {'text': 'advogado', 'timestamp': (14.46, 15.08)}, {'text': 'da', 'timestamp': (15.24, 15.3)}, {'text': 'escola', 'timestamp': (15.38, 15.62)}, {'text': 'paulista', 'timestamp': (15.72, 16.18)}, {'text': 'fez', 'timestamp': (16.42, 16.6)}, {'text': 'a', 'timestamp': (16.66, 16.7)}, {'text': 'todos', 'timestamp': (16.82, 17.06)}, {'text': 'uma', 'timestamp': (17.14, 17.24)}, {'text': 'proposta', 'timestamp': (17.34, 17.88)}];0,2903225806451613;0,2727272727272727;0,4193548387096775;0,07894736842105263
./audios/SP_DID_250_652.58524_654.2717.wav;652,58524;654,2717;que recebêssemos cinquenta por cento;que recebêssemos cinquenta por cento;1,686460000000011;que recebesse os cinquenta por cento;;[{'text': 'que', 'timestamp': (0.0, 0.08)}, {'text': 'recebesse', 'timestamp': (0.14, 0.66)}, {'text': 'os', 'timestamp': (0.78, 0.82)}, {'text': 'cinquenta', 'timestamp': (0.92, 1.28)}, {'text': 'por', 'timestamp': (1.38, 1.46)}, {'text': 'cento', 'timestamp': (1.54, 1.66)}];0,4;0,3333333333333333;0,4666666666666667;0,05555555555555555
./audios/SP_DID_250_655.52144_674.38826.wav;655,52144;674,38826;--SEM... condenar... absolutamente... a atitude dos colegas... que aceitaram esse acordo... afinal de contas é um problema individual de cada um --... eu e outros... que víamos naquilo mais uma questão de princípio... do que uma questão de ordem financeira não aceitamos;sem condenar absolutamente a atitude dos colegas que aceitaram esse acordo afinal de contas é um problema individual de cada um eu e outros que víamos naquilo mais uma questão de princípio do que uma questão de ordem financeira não aceitamos;18,86681999999996;sem condenar absolutamente a atitude dos colegas que aceitaram esse acordo em o de contas é um problema individual de cada um eu e outro queríamos naquilo mais uma questão de princípio do que uma questão de ordem financeira não aceitarem;;[{'text': 'sem', 'timestamp': (0.02, 0.16)}, {'text': 'condenar', 'timestamp': (0.34, 0.88)}, {'text': 'absolutamente', 'timestamp': (1.94, 2.78)}, {'text': 'a', 'timestamp': (3.5, 3.52)}, {'text': 'atitude', 'timestamp': (3.62, 3.96)}, {'text': 'dos', 'timestamp': (4.06, 4.18)}, {'text': 'colegas', 'timestamp': (4.28, 4.76)}, {'text': 'que', 'timestamp': (5.24, 5.32)}, {'text': 'aceitaram', 'timestamp': (5.4, 6.02)}, {'text': 'esse', 'timestamp': (6.08, 6.24)}, {'text': 'acordo', 'timestamp': (6.28, 6.6)}, {'text': 'em', 'timestamp': (7.4, 7.44)}, {'text': 'o', 'timestamp': (7.5, 7.52)}, {'text': 'de', 'timestamp': (7.6, 7.64)}, {'text': 'contas', 'timestamp': (7.7, 7.96)}, {'text': 'é', 'timestamp': (8.0, 8.02)}, {'text': 'um', 'timestamp': (8.06, 8.12)}, {'text': 'problema', 'timestamp': (8.14, 8.42)}, {'text': 'individual', 'timestamp': (8.5, 8.98)}, {'text': 'de', 'timestamp': (9.06, 9.1)}, {'text': 'cada', 'timestamp': (9.18, 9.32)}, {'text': 'um', 'timestamp': (9.4, 9.46)}, {'text': 'eu', 'timestamp': (10.54, 10.66)}, {'text': 'e', 'timestamp': (10.76, 10.78)}, {'text': 'outro', 'timestamp': (10.88, 11.12)}, {'text': 'queríamos', 'timestamp': (12.56, 13.02)}, {'text': 'naquilo', 'timestamp': (13.08, 13.46)}, {'text': 'mais', 'timestamp': (13.56, 13.74)}, {'text': 'uma', 'timestamp': (13.82, 13.9)}, {'text': 'questão', 'timestamp': (13.98, 14.26)}, {'text': 'de', 'timestamp': (14.32, 14.36)}, {'text': 'princípio', 'timestamp': (14.46, 15.02)}, {'text': 'do', 'timestamp': (16.1, 16.16)}, {'text': 'que', 'timestamp': (16.26, 16.32)}, {'text': 'uma', 'timestamp': (16.72, 16.8)}, {'text': 'questão', 'timestamp': (16.9, 17.18)}, {'text': 'de', 'timestamp': (17.24, 17.28)}, {'text': 'ordem', 'timestamp': (17.34, 17.5)}, {'text': 'financeira', 'timestamp': (17.58, 17.98)}, {'text': 'não', 'timestamp': (18.08, 18.2)}, {'text': 'aceitarem', 'timestamp': (18.28, 18.78)}];0,14634146341463414;0,14285714285714285;0,2290303390838786;0,04979253112033195
./audios/SP_DID_250_675.25009_692.16482.wav;675,25009;692,16482;não aceitamos... porque nos pareceu que não havia motivo de força maior... uma vez... que inclusive a escola... era proprieTÁria... do imóvel... ONde estava instalado o Liceu na sua última fase;não aceitamos porque nos pareceu que não havia motivo de força maior uma vez que inclusive a escola era proprietária do imóvel onde estava instalado o liceu na sua última fase;16,914729999999963;não aceitamos porque nos pareceu que não havia motivo de força maior uma vez que inclusive a escola era a proprietária do imóvel onde estava instalado o liceu na sua última fase;;[{'text': 'não', 'timestamp': (0.04, 0.12)}, {'text': 'aceitamos', 'timestamp': (0.2, 0.74)}, {'text': 'porque', 'timestamp': (0.94, 1.14)}, {'text': 'nos', 'timestamp': (1.22, 1.32)}, {'text': 'pareceu', 'timestamp': (1.42, 1.78)}, {'text': 'que', 'timestamp': (1.88, 1.96)}, {'text': 'não', 'timestamp': (2.04, 2.16)}, {'text': 'havia', 'timestamp': (2.22, 2.64)}, {'text': 'motivo', 'timestamp': (2.8, 3.08)}, {'text': 'de', 'timestamp': (3.18, 3.24)}, {'text': 'força', 'timestamp': (3.32, 3.56)}, {'text': 'maior', 'timestamp': (3.62, 3.84)}, {'text': 'uma', 'timestamp': (6.48, 6.62)}, {'text': 'vez', 'timestamp': (6.76, 7.02)}, {'text': 'que', 'timestamp': (7.18, 7.24)}, {'text': 'inclusive', 'timestamp': (7.64, 8.26)}, {'text': 'a', 'timestamp': (8.6, 8.62)}, {'text': 'escola', 'timestamp': (8.72, 9.14)}, {'text': 'era', 'timestamp': (10.1, 10.24)}, {'text': 'a', 'timestamp': (10.26, 10.3)}, {'text': 'proprietária', 'timestamp': (10.44, 11.38)}, {'text': 'do', 'timestamp': (12.42, 12.48)}, {'text': 'imóvel', 'timestamp': (12.6, 13.16)}, {'text': 'onde', 'timestamp': (14.04, 14.26)}, {'text': 'estava', 'timestamp': (14.38, 14.7)}, {'text': 'instalado', 'timestamp': (14.8, 15.24)}, {'text': 'o', 'timestamp': (15.32, 15.34)}, {'text': 'liceu', 'timestamp': (15.36, 15.68)}, {'text': 'na', 'timestamp': (15.76, 15.82)}, {'text': 'sua', 'timestamp': (15.9, 16.0)}, {'text': 'última', 'timestamp': (16.08, 16.32)}, {'text': 'fase', 'timestamp': (16.42, 16.66)}];0,03225806451612903;0,03125;0,03125;0,011428571428571429
./audios/SP_DID_250_694.92262_702.85804.wav;694,92262;702,85804;portanto era senhora de um patrimônio que assegurava amplamente nos parecia... o o pagamento das indenizações... então não víamos motivo;portanto era senhora de um patrimônio que assegurava amplamente nos parecia o o pagamento das indenizações então não víamos motivo;7,935419999999908;portanto era a senhora de um patrimônio que assegurava amplamente e nos parecia o pagamento das indenizações então não víamos muito tipo;;[{'text': 'portanto', 'timestamp': (0.06, 0.44)}, {'text': 'era', 'timestamp': (0.74, 0.84)}, {'text': 'a', 'timestamp': (0.86, 0.88)}, {'text': 'senhora', 'timestamp': (0.96, 1.22)}, {'text': 'de', 'timestamp': (1.28, 1.32)}, {'text': 'um', 'timestamp': (1.38, 1.42)}, {'text': 'patrimônio', 'timestamp': (1.52, 1.94)}, {'text': 'que', 'timestamp': (2.0, 2.06)}, {'text': 'assegurava', 'timestamp': (2.12, 2.56)}, {'text': 'amplamente', 'timestamp': (2.64, 3.14)}, {'text': 'e', 'timestamp': (3.24, 3.26)}, {'text': 'nos', 'timestamp': (3.34, 3.42)}, {'text': 'parecia', 'timestamp': (3.52, 3.98)}, {'text': 'o', 'timestamp': (5.2, 5.22)}, {'text': 'pagamento', 'timestamp': (5.34, 5.78)}, {'text': 'das', 'timestamp': (5.9, 6.02)}, {'text': 'indenizações', 'timestamp': (6.1, 6.8)}, {'text': 'então', 'timestamp': (7.04, 7.24)}, {'text': 'não', 'timestamp': (7.28, 7.36)}, {'text': 'víamos', 'timestamp': (7.4, 7.64)}, {'text': 'muito', 'timestamp': (7.68, 7.8)}, {'text': 'tipo', 'timestamp': (7.82, 7.9)}];0,25;0,21739130434782608;0,26363636363636356;0,08461538461538462
./audios/SP_DID_250_702.85804_703.8736.wav;702,85804;703,8736;não há força maior;não há força maior;1,0155600000000504;não há força maior;;[{'text': 'não', 'timestamp': (0.1, 0.2)}, {'text': 'há', 'timestamp': (0.24, 0.28)}, {'text': 'força', 'timestamp': (0.44, 0.68)}, {'text': 'maior', 'timestamp': (0.76, 0.94)}];0,0;0,0;0,0;0,0
./audios/SP_DID_250_705.16034_709.19827.wav;705,16034;709,19827;há outras conveniências... da escola... que não nos dizem (a) respeito;há outras conveniências da escola que não nos dizem a respeito;4,03792999999996;há outras conveniências na escola que não nos dizem respeito;;[{'text': 'há', 'timestamp': (0.06, 0.1)}, {'text': 'outras', 'timestamp': (0.24, 0.58)}, {'text': 'conveniências', 'timestamp': (0.68, 1.34)}, {'text': 'na', 'timestamp': (1.54, 1.62)}, {'text': 'escola', 'timestamp': (1.68, 1.98)}, {'text': 'que', 'timestamp': (2.64, 2.72)}, {'text': 'não', 'timestamp': (2.78, 2.86)}, {'text': 'nos', 'timestamp': (2.92, 3.02)}, {'text': 'dizem', 'timestamp': (3.08, 3.32)}, {'text': 'respeito', 'timestamp': (3.42, 3.8)}];0,18181818181818182;0,18181818181818182;0,26363636363636356;0,04838709677419355
./audios/SP_DID_250_710.18983_712.8268.wav;710,18983;712,8268;então nós achamos que temos direito a recebimento integral;então nós achamos que temos direito a recebimento integral;2,6369700000000194;então nós achamos que temos direito a recebimento integral;;[{'text': 'então', 'timestamp': (0.04, 0.22)}, {'text': 'nós', 'timestamp': (0.26, 0.38)}, {'text': 'achamos', 'timestamp': (0.44, 0.68)}, {'text': 'que', 'timestamp': (0.72, 0.78)}, {'text': 'temos', 'timestamp': (0.84, 0.98)}, {'text': 'direito', 'timestamp': (1.06, 1.3)}, {'text': 'a', 'timestamp': (1.36, 1.38)}, {'text': 'recebimento', 'timestamp': (1.46, 2.02)}, {'text': 'integral', 'timestamp': (2.12, 2.54)}];0,0;0,0;0,0;0,0
./audios/SP_DID_250_714.78976_720.54281.wav;714,78976;720,54281;o advogado alegava com muita habilidade ''é:: o senhor vai demorar muito os senhores vão receber dinheiro desvalorizado'' não tem importância;o advogado alegava com muita habilidade é o senhor vai demorar muito os senhores vão receber dinheiro desvalorizado não tem importância;5,75305000000003;o advogado alegava com muita habilidade e o senhor vai demorar muito o senhor não receber dinheiro e valorizado não tem por conta;;[{'text': 'o', 'timestamp': (0.04, 0.06)}, {'text': 'advogado', 'timestamp': (0.1, 0.54)}, {'text': 'alegava', 'timestamp': (0.66, 1.02)}, {'text': 'com', 'timestamp': (1.1, 1.16)}, {'text': 'muita', 'timestamp': (1.2, 1.32)}, {'text': 'habilidade', 'timestamp': (1.36, 1.64)}, {'text': 'e', 'timestamp': (2.06, 2.08)}, {'text': 'o', 'timestamp': (2.14, 2.16)}, {'text': 'senhor', 'timestamp': (2.18, 2.34)}, {'text': 'vai', 'timestamp': (2.42, 2.5)}, {'text': 'demorar', 'timestamp': (2.56, 2.8)}, {'text': 'muito', 'timestamp': (2.9, 3.18)}, {'text': 'o', 'timestamp': (3.24, 3.26)}, {'text': 'senhor', 'timestamp': (3.3, 3.42)}, {'text': 'não', 'timestamp': (3.52, 3.58)}, {'text': 'receber', 'timestamp': (3.66, 3.96)}, {'text': 'dinheiro', 'timestamp': (4.04, 4.24)}, {'text': 'e', 'timestamp': (4.4, 4.42)}, {'text': 'valorizado', 'timestamp': (4.54, 4.9)}, {'text': 'não', 'timestamp': (4.98, 5.04)}, {'text': 'tem', 'timestamp': (5.08, 5.18)}, {'text': 'por', 'timestamp': (5.26, 5.36)}, {'text': 'conta', 'timestamp': (5.44, 5.66)}];0,38095238095238093;0,34782608695652173;0,5341614906832298;0,1037037037037037
./audios/SP_DID_250_721.92257_726.01681.wav;721,92257;726,01681;trata-se da defesa de um direito... e nós não queremos transigir nesse ponto;tratase da defesa de um direito e nós não queremos transigir nesse ponto;4,094240000000013;trata-se da defesa de um direito e nós não queremos transigir nesse ponto;;[{'text': 'trata-se', 'timestamp': (0.02, 0.34)}, {'text': 'da', 'timestamp': (0.4, 0.44)}, {'text': 'defesa', 'timestamp': (0.52, 0.82)}, {'text': 'de', 'timestamp': (0.9, 0.96)}, {'text': 'um', 'timestamp': (1.0, 1.04)}, {'text': 'direito', 'timestamp': (1.12, 1.38)}, {'text': 'e', 'timestamp': (2.46, 2.48)}, {'text': 'nós', 'timestamp': (2.54, 2.66)}, {'text': 'não', 'timestamp': (2.72, 2.78)}, {'text': 'queremos', 'timestamp': (2.82, 3.08)}, {'text': 'transigir', 'timestamp': (3.16, 3.56)}, {'text': 'nesse', 'timestamp': (3.6, 3.8)}, {'text': 'ponto', 'timestamp': (3.88, 4.04)}];0,07692307692307693;0,07692307692307693;0,1479289940828401;0,013888888888888888
./audios/SP_DID_250_726.45089_733.52379.wav;726,45089;733,52379;então realmente a causa se arrastou durante quatro anos et cetera... e foi terminar... no julgamento final no Supremo Tribunal;então realmente a causa se arrastou durante quatro anos et cetera e foi terminar no julgamento final no supremo tribunal;7,072900000000004;então realmente a causa se arrastou durante quatro anos etc e foi terminar o julgamento final do supremo tribunal;;[{'text': 'então', 'timestamp': (0.06, 0.28)}, {'text': 'realmente', 'timestamp': (0.48, 0.84)}, {'text': 'a', 'timestamp': (0.96, 0.98)}, {'text': 'causa', 'timestamp': (1.06, 1.28)}, {'text': 'se', 'timestamp': (1.36, 1.42)}, {'text': 'arrastou', 'timestamp': (1.46, 1.88)}, {'text': 'durante', 'timestamp': (2.04, 2.26)}, {'text': 'quatro', 'timestamp': (2.4, 2.68)}, {'text': 'anos', 'timestamp': (2.78, 3.18)}, {'text': 'etc', 'timestamp': (3.26, 3.44)}, {'text': 'e', 'timestamp': (4.28, 4.3)}, {'text': 'foi', 'timestamp': (4.44, 4.56)}, {'text': 'terminar', 'timestamp': (4.64, 5.06)}, {'text': 'o', 'timestamp': (5.28, 5.3)}, {'text': 'julgamento', 'timestamp': (5.46, 5.84)}, {'text': 'final', 'timestamp': (5.96, 6.14)}, {'text': 'do', 'timestamp': (6.22, 6.26)}, {'text': 'supremo', 'timestamp': (6.34, 6.62)}, {'text': 'tribunal', 'timestamp': (6.68, 6.98)}];0,2;0,2;0,3263157894736842;0,06666666666666667
./audios/SP_DID_250_734.61473_735.8911.wav;734,61473;735,8911;recebemos integralmente;recebemos integralmente;1,2763700000000426;recebemos integralmente;;[{'text': 'recebemos', 'timestamp': (0.1, 0.66)}, {'text': 'integralmente', 'timestamp': (0.74, 1.22)}];0,0;0,0;0,0;0,0
./audios/SP_DID_250_736.48444_737.74701.wav;736,48444;737,74701;com o dinheiro desvalorizado;com o dinheiro desvalorizado;1,2625700000000961;com o dinheiro desvalorizado;;[{'text': 'com', 'timestamp': (0.02, 0.1)}, {'text': 'o', 'timestamp': (0.12, 0.14)}, {'text': 'dinheiro', 'timestamp': (0.18, 0.44)}, {'text': 'desvalorizado', 'timestamp': (0.52, 1.16)}];0,0;0,0;0,0;0,0
./audios/SP_DID_250_738.31275_740.76332.wav;738,31275;740,76332; --naquele tempo não havia correção monetária;naquele tempo não havia correção monetária;2,4505699999999706;naquele tempo não havia correção monetária;;[{'text': 'naquele', 'timestamp': (0.04, 0.32)}, {'text': 'tempo', 'timestamp': (0.42, 0.62)}, {'text': 'não', 'timestamp': (0.72, 0.8)}, {'text': 'havia', 'timestamp': (0.86, 1.16)}, {'text': 'correção', 'timestamp': (1.28, 1.72)}, {'text': 'monetária', 'timestamp': (1.86, 2.42)}];0,0;0,0;0,0;0,0
./audios/SP_DID_250_741.21177_745.29748.wav;741,21177;745,29748;se houvesse a Escola Paulista tinha levado uma bordoada daquele tamanho--;se houvesse a escola paulista tinha levado uma bordoada daquele tamanho;4,085709999999949;se houvesse a escola paulista tinha levado uma bordoada daquele tamanho;;[{'text': 'se', 'timestamp': (0.02, 0.1)}, {'text': 'houvesse', 'timestamp': (0.14, 0.7)}, {'text': 'a', 'timestamp': (0.84, 0.86)}, {'text': 'escola', 'timestamp': (0.92, 1.22)}, {'text': 'paulista', 'timestamp': (1.32, 1.72)}, {'text': 'tinha', 'timestamp': (1.88, 2.02)}, {'text': 'levado', 'timestamp': (2.1, 2.36)}, {'text': 'uma', 'timestamp': (2.44, 2.52)}, {'text': 'bordoada', 'timestamp': (2.64, 3.22)}, {'text': 'daquele', 'timestamp': (3.32, 3.64)}, {'text': 'tamanho', 'timestamp': (3.74, 4.04)}];0,0;0,0;0,0;0,0
./audios/SP_DID_250_752.14404_759.63583.wav;752,14404;759,63583;com juros sim... do tempo do correspondente ao tempo decorrido... MAS... não era co/... como a correção monetária de hoje;com juros sim do tempo do correspondente ao tempo decorrido mas não era co como a correção monetária de hoje;7,491790000000037;um juro sim do tempo correspondente ao tempo decorrido mas não era uma conversão monetária de hoje;;[{'text': 'um', 'timestamp': (0.14, 0.18)}, {'text': 'juro', 'timestamp': (0.28, 0.5)}, {'text': 'sim', 'timestamp': (0.68, 0.8)}, {'text': 'do', 'timestamp': (1.46, 1.52)}, {'text': 'tempo', 'timestamp': (1.64, 1.8)}, {'text': 'correspondente', 'timestamp': (2.28, 2.82)}, {'text': 'ao', 'timestamp': (2.94, 2.98)}, {'text': 'tempo', 'timestamp': (3.06, 3.22)}, {'text': 'decorrido', 'timestamp': (3.3, 3.8)}, {'text': 'mas', 'timestamp': (4.82, 5.08)}, {'text': 'não', 'timestamp': (5.44, 5.54)}, {'text': 'era', 'timestamp': (5.62, 5.74)}, {'text': 'uma', 'timestamp': (6.22, 6.3)}, {'text': 'conversão', 'timestamp': (6.36, 6.68)}, {'text': 'monetária', 'timestamp': (6.76, 7.16)}, {'text': 'de', 'timestamp': (7.22, 7.26)}, {'text': 'hoje', 'timestamp': (7.3, 7.46)}];0,35;0,35;0,5029411764705882;0,1574074074074074
./audios/SP_DID_250_761.36943_763.78299.wav;761,36943;763,78299;se fosse o negócio ia longe mas NÓS recebemos integral;se fosse o negócio ia longe mas nós recebemos integral;2,413560000000075;se fosse um negócio ia longe mas não recebemos integrar;;[{'text': 'se', 'timestamp': (0.04, 0.1)}, {'text': 'fosse', 'timestamp': (0.18, 0.4)}, {'text': 'um', 'timestamp': (0.44, 0.48)}, {'text': 'negócio', 'timestamp': (0.52, 0.82)}, {'text': 'ia', 'timestamp': (0.9, 0.96)}, {'text': 'longe', 'timestamp': (1.02, 1.2)}, {'text': 'mas', 'timestamp': (1.26, 1.32)}, {'text': 'não', 'timestamp': (1.36, 1.48)}, {'text': 'recebemos', 'timestamp': (1.6, 1.98)}, {'text': 'integrar', 'timestamp': (2.06, 2.36)}];0,3;0,3;0,51;0,09259259259259259
./audios/SP_DID_250_764.86624_766.24044.wav;764,86624;766,24044;era assim que se processava;era assim que se processava;1,3742000000000871;era assim que se processar;;[{'text': 'era', 'timestamp': (0.2, 0.3)}, {'text': 'assim', 'timestamp': (0.34, 0.52)}, {'text': 'que', 'timestamp': (0.58, 0.64)}, {'text': 'se', 'timestamp': (0.68, 0.78)}, {'text': 'processar', 'timestamp': (0.84, 1.3)}];0,2;0,2;0,3599999999999999;0,07407407407407407
./audios/SP_DID_250_767.07351_768.37583.wav;767,07351;768,37583;não havia Fundo de Garantia;não havia fundo de garantia;1,3023199999998951;não havia fundo de garantia;;[{'text': 'não', 'timestamp': (0.02, 0.1)}, {'text': 'havia', 'timestamp': (0.14, 0.4)}, {'text': 'fundo', 'timestamp': (0.5, 0.66)}, {'text': 'de', 'timestamp': (0.74, 0.78)}, {'text': 'garantia', 'timestamp': (0.84, 1.26)}];0,0;0,0;0,0;0,0
./audios/SP_DID_250_770.11788_793.35623.wav;770,11788;793,35623;se houvesse... nós que trabalhávamos em... com estabelecimentos particulares... em regime... DE... éh::... de:: da da cê ele tê... Consolidação do Trabalho... das Leis do Trabalho... éh... se houvesse Fundo de Garantia como há hoje nós teríamos recebido... de acordo com os depósitos bancários durante aquele tempo todo;se houvesse nós que trabalhávamos em com estabelecimentos particulares em regime de eh de da da cê ele tê consolidação do trabalho das leis do trabalho eh se houvesse fundo de garantia como há hoje nós teríamos recebido de acordo com os depósitos bancários durante aquele tempo todo;23,23834999999997;se houvesse nós que trabalhávamos com estabecimentos particulares em regime de a de a da clt consolidação do trabalho as vezes do trabalho e se houvesse cubo de garantia como há hoje nós teríamos recebido de acordo com os depósitos bancários durante aquele tempo todo;;[{'text': 'se', 'timestamp': (0.0, 0.04)}, {'text': 'houvesse', 'timestamp': (0.1, 0.44)}, {'text': 'nós', 'timestamp': (1.26, 1.46)}, {'text': 'que', 'timestamp': (1.54, 1.62)}, {'text': 'trabalhávamos', 'timestamp': (1.72, 2.46)}, {'text': 'com', 'timestamp': (3.5, 3.58)}, {'text': 'estabecimentos', 'timestamp': (3.62, 4.08)}, {'text': 'particulares', 'timestamp': (4.16, 4.7)}, {'text': 'em', 'timestamp': (4.92, 5.02)}, {'text': 'regime', 'timestamp': (5.24, 5.68)}, {'text': 'de', 'timestamp': (6.56, 6.6)}, {'text': 'a', 'timestamp': (7.56, 7.58)}, {'text': 'de', 'timestamp': (9.84, 9.92)}, {'text': 'a', 'timestamp': (10.42, 10.44)}, {'text': 'da', 'timestamp': (10.56, 10.62)}, {'text': 'clt', 'timestamp': (10.72, 11.08)}, {'text': 'consolidação', 'timestamp': (11.4, 11.9)}, {'text': 'do', 'timestamp': (11.96, 12.0)}, {'text': 'trabalho', 'timestamp': (12.06, 12.32)}, {'text': 'as', 'timestamp': (12.8, 12.86)}, {'text': 'vezes', 'timestamp': (12.9, 13.04)}, {'text': 'do', 'timestamp': (13.06, 13.1)}, {'text': 'trabalho', 'timestamp': (13.14, 13.38)}, {'text': 'e', 'timestamp': (16.9, 16.92)}, {'text': 'se', 'timestamp': (17.24, 17.3)}, {'text': 'houvesse', 'timestamp': (17.34, 17.7)}, {'text': 'cubo', 'timestamp': (17.82, 18.0)}, {'text': 'de', 'timestamp': (18.04, 18.08)}, {'text': 'garantia', 'timestamp': (18.14, 18.48)}, {'text': 'como', 'timestamp': (18.56, 18.66)}, {'text': 'há', 'timestamp': (18.7, 18.74)}, {'text': 'hoje', 'timestamp': (18.8, 18.96)}, {'text': 'nós', 'timestamp': (19.04, 19.14)}, {'text': 'teríamos', 'timestamp': (19.22, 19.54)}, {'text': 'recebido', 'timestamp': (19.62, 20.1)}, {'text': 'de', 'timestamp': (20.56, 20.62)}, {'text': 'acordo', 'timestamp': (20.66, 20.94)}, {'text': 'com', 'timestamp': (21.02, 21.1)}, {'text': 'os', 'timestamp': (21.16, 21.2)}, {'text': 'depósitos', 'timestamp': (21.26, 21.82)}, {'text': 'bancários', 'timestamp': (21.92, 22.26)}, {'text': 'durante', 'timestamp': (22.32, 22.5)}, {'text': 'aquele', 'timestamp': (22.54, 22.74)}, {'text': 'tempo', 'timestamp': (22.82, 22.96)}, {'text': 'todo', 'timestamp': (23.06, 23.18)}];0,22916666666666666;0,22916666666666666;0,3662037037037037;0,07801418439716312
./audios/SP_DID_250_804.90812_818.53622.wav;804,90812;818,53622;bem... aí quando se empresta de alguém... ahn::... se for... uma dívida particular... depende das condições que as duas partes acertarem;bem aí quando se empresta de alguém ah se for uma dívida particular depende das condições que as duas partes acertarem;13,628099999999904;bem aí quando se impressa de alguém se for uma dívida particular depende das condições que as duas partes acertarem;;[{'text': 'bem', 'timestamp': (0.06, 0.22)}, {'text': 'aí', 'timestamp': (0.7, 0.84)}, {'text': 'quando', 'timestamp': (1.18, 1.34)}, {'text': 'se', 'timestamp': (1.44, 1.48)}, {'text': 'impressa', 'timestamp': (1.54, 1.94)}, {'text': 'de', 'timestamp': (2.06, 2.1)}, {'text': 'alguém', 'timestamp': (2.2, 2.58)}, {'text': 'se', 'timestamp': (5.96, 6.02)}, {'text': 'for', 'timestamp': (6.18, 6.44)}, {'text': 'uma', 'timestamp': (7.96, 8.06)}, {'text': 'dívida', 'timestamp': (8.18, 8.5)}, {'text': 'particular', 'timestamp': (8.64, 9.26)}, {'text': 'depende', 'timestamp': (11.14, 11.44)}, {'text': 'das', 'timestamp': (11.54, 11.66)}, {'text': 'condições', 'timestamp': (11.74, 12.16)}, {'text': 'que', 'timestamp': (12.22, 12.32)}, {'text': 'as', 'timestamp': (12.36, 12.42)}, {'text': 'duas', 'timestamp': (12.46, 12.64)}, {'text': 'partes', 'timestamp': (12.74, 13.0)}, {'text': 'acertarem', 'timestamp': (13.12, 13.6)}];0,09523809523809523;0,09523809523809523;0,14047619047619053;0,0423728813559322
./audios/SP_DID_250_820.29291_843.95188.wav;820,29291;843,95188;eu posso pedir dinheiro emprestado a uma pessoa... particularmente... e entre... o meu prestamista e eu... nós estabelecemos... (e::) podemos até:: fazer uma simples declaração de dívida dizendo que::... eu fulano de tal declaro ter recebido do senhor fulano de tal a título de empréstimo a importância de tanto... cujo pagamento obedecerá às seguintes condições;eu posso pedir dinheiro emprestado a uma pessoa particularmente e entre o meu prestamista e eu nós estabelecemos e podemos até fazer uma simples declaração de dívida dizendo que eu fulano de tal declaro ter recebido do senhor fulano de tal a título de empréstimo a importância de tanto cujo pagamento obedecerá às seguintes condições;23,658969999999954;eu posso pedir dinheiro emprestado a uma pessoa particularmente e entre o meu prestamista e eu nós estabelecemos e podemos até fazer uma simples declaração de liga dizendo que fulano de tal declara ter recebido o seu plano de tal tipo de empréstimo a importância de tanto sujo o pagamento obedecerá as seguintes condições;;[{'text': 'eu', 'timestamp': (0.08, 0.14)}, {'text': 'posso', 'timestamp': (0.2, 0.34)}, {'text': 'pedir', 'timestamp': (0.46, 0.66)}, {'text': 'dinheiro', 'timestamp': (0.76, 0.96)}, {'text': 'emprestado', 'timestamp': (1.0, 1.5)}, {'text': 'a', 'timestamp': (1.56, 1.58)}, {'text': 'uma', 'timestamp': (1.64, 1.72)}, {'text': 'pessoa', 'timestamp': (1.8, 2.18)}, {'text': 'particularmente', 'timestamp': (2.56, 3.22)}, {'text': 'e', 'timestamp': (4.22, 4.24)}, {'text': 'entre', 'timestamp': (4.36, 4.58)}, {'text': 'o', 'timestamp': (5.42, 5.44)}, {'text': 'meu', 'timestamp': (5.52, 5.62)}, {'text': 'prestamista', 'timestamp': (5.7, 6.3)}, {'text': 'e', 'timestamp': (6.38, 6.4)}, {'text': 'eu', 'timestamp': (6.5, 6.58)}, {'text': 'nós', 'timestamp': (7.42, 7.52)}, {'text': 'estabelecemos', 'timestamp': (7.58, 8.3)}, {'text': 'e', 'timestamp': (8.9, 8.92)}, {'text': 'podemos', 'timestamp': (9.56, 9.9)}, {'text': 'até', 'timestamp': (9.98, 10.16)}, {'text': 'fazer', 'timestamp': (10.56, 10.78)}, {'text': 'uma', 'timestamp': (10.84, 10.94)}, {'text': 'simples', 'timestamp': (11.06, 11.26)}, {'text': 'declaração', 'timestamp': (11.32, 11.82)}, {'text': 'de', 'timestamp': (11.88, 11.92)}, {'text': 'liga', 'timestamp': (12.02, 12.28)}, {'text': 'dizendo', 'timestamp': (12.4, 12.74)}, {'text': 'que', 'timestamp': (12.88, 12.94)}, {'text': 'fulano', 'timestamp': (14.64, 14.84)}, {'text': 'de', 'timestamp': (14.88, 14.94)}, {'text': 'tal', 'timestamp': (15.02, 15.22)}, {'text': 'declara', 'timestamp': (15.38, 15.68)}, {'text': 'ter', 'timestamp': (15.8, 15.88)}, {'text': 'recebido', 'timestamp': (15.98, 16.38)}, {'text': 'o', 'timestamp': (16.44, 16.46)}, {'text': 'seu', 'timestamp': (16.54, 16.64)}, {'text': 'plano', 'timestamp': (16.72, 16.9)}, {'text': 'de', 'timestamp': (16.92, 17.0)}, {'text': 'tal', 'timestamp': (17.1, 17.26)}, {'text': 'tipo', 'timestamp': (17.42, 17.58)}, {'text': 'de', 'timestamp': (17.62, 17.68)}, {'text': 'empréstimo', 'timestamp': (17.72, 18.12)}, {'text': 'a', 'timestamp': (18.16, 18.18)}, {'text': 'importância', 'timestamp': (18.2, 18.64)}, {'text': 'de', 'timestamp': (18.72, 18.76)}, {'text': 'tanto', 'timestamp': (18.86, 19.06)}, {'text': 'sujo', 'timestamp': (21.16, 21.34)}, {'text': 'o', 'timestamp': (21.4, 21.42)}, {'text': 'pagamento', 'timestamp': (21.46, 21.96)}, {'text': 'obedecerá', 'timestamp': (22.14, 22.64)}, {'text': 'as', 'timestamp': (22.74, 22.78)}, {'text': 'seguintes', 'timestamp': (22.84, 23.14)}, {'text': 'condições', 'timestamp': (23.2, 23.6)}];0,2;0,19642857142857142;0,3181818181818181;0,07507507507507508
./audios/SP_DID_250_844.29219_844.73399.wav;844,29219;844,73399;dois pontos;dois pontos;0,4417999999999438;dai ponte;;[{'text': 'dai', 'timestamp': (1.04, 1.16)}, {'text': 'ponte', 'timestamp': (1.24, 1.46)}];1,0;1,0;1,0;0,36363636363636365
./audios/SP_DID_250_845.86238_848.55017.wav;845,86238;848,55017;e aí... são especificadas as condições;e aí são especificadas as condições;2,68778999999995;e aí são especificadas as condições;;[{'text': 'e', 'timestamp': (0.22, 0.24)}, {'text': 'aí', 'timestamp': (0.34, 0.42)}, {'text': 'são', 'timestamp': (1.3, 1.38)}, {'text': 'especificadas', 'timestamp': (1.46, 2.12)}, {'text': 'as', 'timestamp': (2.18, 2.24)}, {'text': 'condições', 'timestamp': (2.28, 2.66)}];0,0;0,0;0,0;0,0
./audios/SP_DID_250_849.87842_877.00878.wav;849,87842;877,00878;o prazo para o pagamento é de tanto tempo... o juro será tal... vencido de maneira tal... poderá haver --uma terceira condição pode éh é... parecer éh... pode aparecer esta aqui--... poderá haver ah:: como é que se diz... ahn::... pagamentos parciais... da:: do principal quer dizer da quantia emprestada;o prazo para o pagamento é de tanto tempo o juro será tal vencido de maneira tal poderá haver uma terceira condição pode eh é parecer eh pode aparecer esta aqui poderá haver ah como é que se diz ah pagamentos parciais da do principal quer dizer da quantia emprestada;27,130359999999996;o prazo para o pagamento é de tanto tempo o juro será tal vencido de maneira talpoderá haver uma terceira condição pode aparecer e pode aparecer esta aqui poderá haver como é que se diz e pagamentos parciais do principal quer dizer da quantia emprestada;;[{'text': 'o', 'timestamp': (0.06, 0.08)}, {'text': 'prazo', 'timestamp': (0.18, 0.54)}, {'text': 'para', 'timestamp': (0.66, 0.78)}, {'text': 'o', 'timestamp': (0.8, 0.82)}, {'text': 'pagamento', 'timestamp': (0.88, 1.44)}, {'text': 'é', 'timestamp': (1.54, 1.56)}, {'text': 'de', 'timestamp': (1.68, 1.72)}, {'text': 'tanto', 'timestamp': (1.86, 2.04)}, {'text': 'tempo', 'timestamp': (2.16, 2.4)}, {'text': 'o', 'timestamp': (3.5, 3.52)}, {'text': 'juro', 'timestamp': (3.72, 4.06)}, {'text': 'será', 'timestamp': (4.18, 4.34)}, {'text': 'tal', 'timestamp': (4.56, 4.8)}, {'text': 'vencido', 'timestamp': (5.74, 6.1)}, {'text': 'de', 'timestamp': (6.2, 6.24)}, {'text': 'maneira', 'timestamp': (6.3, 6.56)}, {'text': 'talpoderá', 'timestamp': (6.68, 10.7)}, {'text': 'haver', 'timestamp': (10.82, 11.12)}, {'text': 'uma', 'timestamp': (11.5, 11.6)}, {'text': 'terceira', 'timestamp': (11.64, 11.96)}, {'text': 'condição', 'timestamp': (12.04, 12.36)}, {'text': 'pode', 'timestamp': (12.48, 12.64)}, {'text': 'aparecer', 'timestamp': (13.2, 13.68)}, {'text': 'e', 'timestamp': (14.1, 14.12)}, {'text': 'pode', 'timestamp': (14.28, 14.42)}, {'text': 'aparecer', 'timestamp': (14.46, 14.84)}, {'text': 'esta', 'timestamp': (14.96, 15.12)}, {'text': 'aqui', 'timestamp': (15.2, 15.3)}, {'text': 'poderá', 'timestamp': (16.12, 16.36)}, {'text': 'haver', 'timestamp': (16.48, 16.74)}, {'text': 'como', 'timestamp': (17.6, 17.7)}, {'text': 'é', 'timestamp': (17.74, 17.76)}, {'text': 'que', 'timestamp': (17.78, 17.84)}, {'text': 'se', 'timestamp': (17.9, 17.96)}, {'text': 'diz', 'timestamp': (18.0, 18.2)}, {'text': 'e', 'timestamp': (20.6, 20.62)}, {'text': 'pagamentos', 'timestamp': (20.76, 21.28)}, {'text': 'parciais', 'timestamp': (21.36, 21.9)}, {'text': 'do', 'timestamp': (25.1, 25.16)}, {'text': 'principal', 'timestamp': (25.24, 25.68)}, {'text': 'quer', 'timestamp': (25.8, 25.88)}, {'text': 'dizer', 'timestamp': (25.92, 26.04)}, {'text': 'da', 'timestamp': (26.1, 26.16)}, {'text': 'quantia', 'timestamp': (26.24, 26.54)}, {'text': 'emprestada', 'timestamp': (26.58, 27.06)}];0,18;0,18;0,25288888888888894;0,05639097744360902
./audios/SP_DID_250_877.87569_878.55778.wav;877,87569;878,55778;e assim por diante;e assim por diante;0,6820900000000165;e assim por grades;;[{'text': 'e', 'timestamp': (1.02, 1.04)}, {'text': 'assim', 'timestamp': (1.1, 1.28)}, {'text': 'por', 'timestamp': (1.34, 1.44)}, {'text': 'grades', 'timestamp': (1.5, 1.82)}];0,25;0,25;0,4375;0,2777777777777778
./audios/SP_DID_250_878.91067_897.45497.wav;878,91067;897,45497;agora... se for... um empréstimo... COm... estabelecimento de crédito... terá de obedecer às condições... que::... a:::... esse estabelecimento de crédito... estabelece... ou melhor dizendo impõe;agora se for um empréstimo com estabelecimento de crédito terá de obedecer às condições que a esse estabelecimento de crédito estabelece ou melhor dizendo impõe;18,54430000000002;agora se for um empréstimo com o estabelecimento de crédito terá de obedecer às condições que esse estabelecimento de crédito estabelece o melhor dizendo impõe;;[{'text': 'agora', 'timestamp': (0.06, 0.32)}, {'text': 'se', 'timestamp': (1.56, 1.62)}, {'text': 'for', 'timestamp': (1.78, 1.98)}, {'text': 'um', 'timestamp': (2.92, 2.96)}, {'text': 'empréstimo', 'timestamp': (3.02, 3.64)}, {'text': 'com', 'timestamp': (4.3, 4.46)}, {'text': 'o', 'timestamp': (4.86, 4.88)}, {'text': 'estabelecimento', 'timestamp': (4.92, 5.34)}, {'text': 'de', 'timestamp': (5.38, 5.42)}, {'text': 'crédito', 'timestamp': (5.5, 5.86)}, {'text': 'terá', 'timestamp': (7.76, 7.9)}, {'text': 'de', 'timestamp': (8.02, 8.08)}, {'text': 'obedecer', 'timestamp': (8.12, 8.58)}, {'text': 'às', 'timestamp': (8.68, 8.76)}, {'text': 'condições', 'timestamp': (8.86, 9.42)}, {'text': 'que', 'timestamp': (10.38, 10.44)}, {'text': 'esse', 'timestamp': (14.18, 14.34)}, {'text': 'estabelecimento', 'timestamp': (14.36, 14.74)}, {'text': 'de', 'timestamp': (14.78, 14.84)}, {'text': 'crédito', 'timestamp': (14.9, 15.26)}, {'text': 'estabelece', 'timestamp': (16.62, 17.14)}, {'text': 'o', 'timestamp': (17.4, 17.42)}, {'text': 'melhor', 'timestamp': (17.48, 17.68)}, {'text': 'dizendo', 'timestamp': (17.74, 18.1)}, {'text': 'impõe', 'timestamp': (18.14, 18.44)}];0,12;0,11538461538461539;0,15359999999999996;0,03125
./audios/SP_DID_250_898.09671_906.96.wav;898,09671;906,96;a Caixa Econômica você vai tomar dinheiro emprestado na Caixa Econômica... normalmente eles exigem... uma garantia hipotecária quer dizer um imóvel em garantia;a caixa econômica você vai tomar dinheiro emprestado na caixa econômica normalmente eles exigem uma garantia hipotecária quer dizer um imóvel em garantia;8,863290000000006;a caixa econômica você vai tomar dinheiro emprestado na caixa econômica normalmente eles exigem uma garantia hipotecária quer dizer um imóvel em garantia;;[{'text': 'a', 'timestamp': (0.04, 0.06)}, {'text': 'caixa', 'timestamp': (0.1, 0.28)}, {'text': 'econômica', 'timestamp': (0.34, 0.78)}, {'text': 'você', 'timestamp': (0.86, 0.98)}, {'text': 'vai', 'timestamp': (1.04, 1.12)}, {'text': 'tomar', 'timestamp': (1.2, 1.38)}, {'text': 'dinheiro', 'timestamp': (1.46, 1.66)}, {'text': 'emprestado', 'timestamp': (1.72, 2.14)}, {'text': 'na', 'timestamp': (2.2, 2.26)}, {'text': 'caixa', 'timestamp': (2.34, 2.52)}, {'text': 'econômica', 'timestamp': (2.58, 2.94)}, {'text': 'normalmente', 'timestamp': (4.42, 4.9)}, {'text': 'eles', 'timestamp': (4.98, 5.14)}, {'text': 'exigem', 'timestamp': (5.24, 5.64)}, {'text': 'uma', 'timestamp': (6.24, 6.32)}, {'text': 'garantia', 'timestamp': (6.38, 6.68)}, {'text': 'hipotecária', 'timestamp': (6.74, 7.32)}, {'text': 'quer', 'timestamp': (7.42, 7.5)}, {'text': 'dizer', 'timestamp': (7.54, 7.66)}, {'text': 'um', 'timestamp': (7.74, 7.78)}, {'text': 'imóvel', 'timestamp': (7.86, 8.2)}, {'text': 'em', 'timestamp': (8.24, 8.32)}, {'text': 'garantia', 'timestamp': (8.36, 8.78)}];0,0;0,0;0,0;0,0
./audios/SP_DID_250_907.30103_916.01746.wav;907,30103;916,01746;então... quem pede emprestado à Caixa tem que se sujeitar... a todas as exigências e garantias... dessa instituição... a começar por esta;então quem pede emprestado à caixa tem que se sujeitar a todas as exigências e garantias dessa instituição a começar por esta;8,71643000000006;então quem pede emprestado a caixa tem que se sujeitar a todas as exigências e garantias dessa instituição a começar por essa;;[{'text': 'então', 'timestamp': (0.06, 0.28)}, {'text': 'quem', 'timestamp': (1.2, 1.34)}, {'text': 'pede', 'timestamp': (1.44, 1.6)}, {'text': 'emprestado', 'timestamp': (1.62, 2.08)}, {'text': 'a', 'timestamp': (2.16, 2.18)}, {'text': 'caixa', 'timestamp': (2.26, 2.5)}, {'text': 'tem', 'timestamp': (2.66, 2.74)}, {'text': 'que', 'timestamp': (2.8, 2.88)}, {'text': 'se', 'timestamp': (2.92, 2.98)}, {'text': 'sujeitar', 'timestamp': (3.08, 3.54)}, {'text': 'a', 'timestamp': (4.14, 4.16)}, {'text': 'todas', 'timestamp': (4.32, 4.58)}, {'text': 'as', 'timestamp': (4.78, 4.84)}, {'text': 'exigências', 'timestamp': (4.92, 5.56)}, {'text': 'e', 'timestamp': (5.72, 5.74)}, {'text': 'garantias', 'timestamp': (5.84, 6.42)}, {'text': 'dessa', 'timestamp': (6.96, 7.2)}, {'text': 'instituição', 'timestamp': (7.24, 7.64)}, {'text': 'a', 'timestamp': (7.84, 7.86)}, {'text': 'começar', 'timestamp': (7.94, 8.26)}, {'text': 'por', 'timestamp': (8.36, 8.44)}, {'text': 'essa', 'timestamp': (8.5, 8.66)}];0,09090909090909091;0,09090909090909091;0,17355371900826455;0,016
./audios/SP_DID_250_917.01662_922.90777.wav;917,01662;922,90777;bom... eu estou dizendo o empréstimo hipotecário... que em geral é a garantia mais... sólida que a Caixa costuma exigir;bom eu estou dizendo o empréstimo hipotecário que em geral é a garantia mais sólida que a caixa costuma exigir;5,891150000000039;bom eu estou dizendo o empréstimo hipotecário em geral é a garantia mais sólida que a caixa costuma exigir;;[{'text': 'bom', 'timestamp': (0.1, 0.2)}, {'text': 'eu', 'timestamp': (0.36, 0.4)}, {'text': 'estou', 'timestamp': (0.44, 0.62)}, {'text': 'dizendo', 'timestamp': (0.68, 1.0)}, {'text': 'o', 'timestamp': (1.1, 1.18)}, {'text': 'empréstimo', 'timestamp': (1.24, 1.66)}, {'text': 'hipotecário', 'timestamp': (1.7, 2.28)}, {'text': 'em', 'timestamp': (2.72, 2.78)}, {'text': 'geral', 'timestamp': (2.84, 3.1)}, {'text': 'é', 'timestamp': (3.2, 3.22)}, {'text': 'a', 'timestamp': (3.28, 3.32)}, {'text': 'garantia', 'timestamp': (3.36, 3.8)}, {'text': 'mais', 'timestamp': (3.92, 4.14)}, {'text': 'sólida', 'timestamp': (4.28, 4.58)}, {'text': 'que', 'timestamp': (4.7, 4.78)}, {'text': 'a', 'timestamp': (4.82, 4.84)}, {'text': 'caixa', 'timestamp': (4.9, 5.12)}, {'text': 'costuma', 'timestamp': (5.24, 5.46)}, {'text': 'exigir', 'timestamp': (5.52, 5.84)}];0,05;0,05;0,050000000000000044;0,03636363636363636
./audios/SP_DID_250_923.33307_925.43394.wav;923,33307;925,43394;é possível que ela empreste em outras condições;é possível que ela empreste em outras condições;2,1008699999999862;é possível que ela empresta em outras condições;;[{'text': 'é', 'timestamp': (0.04, 0.06)}, {'text': 'possível', 'timestamp': (0.14, 0.46)}, {'text': 'que', 'timestamp': (0.52, 0.58)}, {'text': 'ela', 'timestamp': (0.6, 0.68)}, {'text': 'empresta', 'timestamp': (0.74, 1.12)}, {'text': 'em', 'timestamp': (1.2, 1.24)}, {'text': 'outras', 'timestamp': (1.3, 1.54)}, {'text': 'condições', 'timestamp': (1.62, 2.04)}];0,125;0,125;0,234375;0,02127659574468085
./audios/SP_DID_250_926.28498_932.62687.wav;926,28498;932,62687;quer dizer... sem... se chegar a uma garantia:::... real... hipotecária;quer dizer sem se chegar a uma garantia real hipotecária;6,341890000000035;quer dizer sem se chegar a uma garantia real hipotecária;;[{'text': 'quer', 'timestamp': (0.0, 0.12)}, {'text': 'dizer', 'timestamp': (0.14, 0.3)}, {'text': 'sem', 'timestamp': (0.96, 1.14)}, {'text': 'se', 'timestamp': (1.98, 2.04)}, {'text': 'chegar', 'timestamp': (2.14, 2.44)}, {'text': 'a', 'timestamp': (2.54, 2.56)}, {'text': 'uma', 'timestamp': (2.6, 2.68)}, {'text': 'garantia', 'timestamp': (2.76, 3.3)}, {'text': 'real', 'timestamp': (5.22, 5.48)}, {'text': 'hipotecária', 'timestamp': (5.72, 6.3)}];0,0;0,0;0,0;0,0
./audios/SP_DID_250_932.62687_933.33111.wav;932,62687;933,33111;isso eu não sei;isso eu não sei;0,7042399999999134;por isso eu não sei;;[{'text': 'por', 'timestamp': (0.9, 1.02)}, {'text': 'isso', 'timestamp': (1.1, 1.24)}, {'text': 'eu', 'timestamp': (1.28, 1.34)}, {'text': 'não', 'timestamp': (1.38, 1.46)}, {'text': 'sei', 'timestamp': (1.54, 1.68)}];0,25;0,2;0,19999999999999996;0,26666666666666666
./audios/SP_DID_250_934.13198_937.80571.wav;934,13198;937,80571;mas de qualquer maneira... aí... a instituição é quem impõe as condições;mas de qualquer maneira aí a instituição é quem impõe as condições;3,6737299999999777;mas de qualquer maneira aí a instituição é que impõe as condições;;[{'text': 'mas', 'timestamp': (0.0, 0.08)}, {'text': 'de', 'timestamp': (0.1, 0.14)}, {'text': 'qualquer', 'timestamp': (0.18, 0.4)}, {'text': 'maneira', 'timestamp': (0.46, 0.76)}, {'text': 'aí', 'timestamp': (1.02, 1.12)}, {'text': 'a', 'timestamp': (1.64, 1.66)}, {'text': 'instituição', 'timestamp': (1.7, 2.14)}, {'text': 'é', 'timestamp': (2.28, 2.3)}, {'text': 'que', 'timestamp': (2.42, 2.5)}, {'text': 'impõe', 'timestamp': (2.62, 2.94)}, {'text': 'as', 'timestamp': (3.06, 3.12)}, {'text': 'condições', 'timestamp': (3.2, 3.58)}];0,08333333333333333;0,08333333333333333;0,15972222222222232;0,015151515151515152
./audios/SP_DID_250_938.99846_942.45167.wav;938,99846;942,45167;e o:: a pessoa... que pede emprestado... em bancos é a mesma coisa;e o a pessoa que pede emprestado em bancos é a mesma coisa;3,4532100000000128;e a pessoa que pega emprestado e bancos a mesma coisa;;[{'text': 'e', 'timestamp': (0.06, 0.08)}, {'text': 'a', 'timestamp': (0.54, 0.56)}, {'text': 'pessoa', 'timestamp': (0.64, 0.9)}, {'text': 'que', 'timestamp': (0.96, 1.02)}, {'text': 'pega', 'timestamp': (1.08, 1.2)}, {'text': 'emprestado', 'timestamp': (1.22, 1.68)}, {'text': 'e', 'timestamp': (2.14, 2.16)}, {'text': 'bancos', 'timestamp': (2.3, 2.56)}, {'text': 'a', 'timestamp': (2.66, 2.68)}, {'text': 'mesma', 'timestamp': (2.7, 2.84)}, {'text': 'coisa', 'timestamp': (2.96, 3.28)}];0,3076923076923077;0,3076923076923077;0,43356643356643354;0,1206896551724138
./audios/SP_DID_250_944.26288_950.67622.wav;944,26288;950,67622;o banco não opera:::  quase que com:::... com garantia hipotecária que eu saiba;o banco não opera quase que com com garantia hipotecária que eu saiba;6,413339999999948;o banco não opera quase que com garantia hipotecária que eu saiba;;[{'text': 'o', 'timestamp': (0.12, 0.14)}, {'text': 'banco', 'timestamp': (0.2, 0.4)}, {'text': 'não', 'timestamp': (0.52, 0.6)}, {'text': 'opera', 'timestamp': (0.7, 1.06)}, {'text': 'quase', 'timestamp': (2.42, 2.68)}, {'text': 'que', 'timestamp': (2.8, 2.88)}, {'text': 'com', 'timestamp': (4.56, 4.66)}, {'text': 'garantia', 'timestamp': (4.74, 5.02)}, {'text': 'hipotecária', 'timestamp': (5.08, 5.66)}, {'text': 'que', 'timestamp': (5.74, 5.8)}, {'text': 'eu', 'timestamp': (5.82, 5.88)}, {'text': 'saiba', 'timestamp': (5.98, 6.24)}];0,07692307692307693;0,07692307692307693;0,07692307692307687;0,057971014492753624
./audios/SP_DID_250_951.7171_966.62047.wav;951,7171;966,62047;mas aí exige... um avalista de confiança... e principalmente o que o banco quer... é que quem pede emprestado... tenha um::: certo::... saldo médio de:: depósitos;mas aí exige um avalista de confiança e principalmente o que o banco quer é que quem pede emprestado tenha um certo saldo médio de depósitos;14,903369999999995;mas aí exige uma avalista de confiança e principalmente o que o banco quer é que quem pede emprestado tenha um certo saldo médio de depósito;;[{'text': 'mas', 'timestamp': (0.04, 0.16)}, {'text': 'aí', 'timestamp': (0.24, 0.34)}, {'text': 'exige', 'timestamp': (0.66, 1.12)}, {'text': 'uma', 'timestamp': (1.74, 1.84)}, {'text': 'avalista', 'timestamp': (1.9, 2.36)}, {'text': 'de', 'timestamp': (2.42, 2.48)}, {'text': 'confiança', 'timestamp': (2.56, 3.0)}, {'text': 'e', 'timestamp': (4.44, 4.46)}, {'text': 'principalmente', 'timestamp': (4.64, 5.38)}, {'text': 'o', 'timestamp': (5.64, 5.66)}, {'text': 'que', 'timestamp': (5.72, 5.82)}, {'text': 'o', 'timestamp': (5.86, 5.88)}, {'text': 'banco', 'timestamp': (5.96, 6.18)}, {'text': 'quer', 'timestamp': (6.32, 6.56)}, {'text': 'é', 'timestamp': (7.34, 7.36)}, {'text': 'que', 'timestamp': (7.48, 7.56)}, {'text': 'quem', 'timestamp': (7.68, 7.8)}, {'text': 'pede', 'timestamp': (7.9, 8.08)}, {'text': 'emprestado', 'timestamp': (8.14, 8.66)}, {'text': 'tenha', 'timestamp': (9.46, 9.76)}, {'text': 'um', 'timestamp': (10.24, 10.38)}, {'text': 'certo', 'timestamp': (11.3, 11.7)}, {'text': 'saldo', 'timestamp': (12.04, 12.44)}, {'text': 'médio', 'timestamp': (12.64, 13.12)}, {'text': 'de', 'timestamp': (13.36, 13.42)}, {'text': 'depósito', 'timestamp': (14.02, 14.62)}];0,07692307692307693;0,07692307692307693;0,1479289940828401;0,014285714285714285
./audios/SP_DID_250_967.45621_969.15049.wav;967,45621;969,15049;o banco não empresta a qualquer pessoa;o banco não empresta a qualquer pessoa;1,6942799999999352;o banco não empresta a qualquer pessoa;;[{'text': 'o', 'timestamp': (0.06, 0.1)}, {'text': 'banco', 'timestamp': (0.14, 0.32)}, {'text': 'não', 'timestamp': (0.38, 0.44)}, {'text': 'empresta', 'timestamp': (0.5, 0.88)}, {'text': 'a', 'timestamp': (0.96, 0.98)}, {'text': 'qualquer', 'timestamp': (1.0, 1.24)}, {'text': 'pessoa', 'timestamp': (1.32, 1.64)}];0,0;0,0;0,0;0,0
./audios/SP_DID_250_970.22051_971.74551.wav;970,22051;971,74551;ele empresta a depositantes seus;ele empresta a depositantes seus;1,5249999999999773;ele impressa depositante seu;;[{'text': 'ele', 'timestamp': (0.02, 0.14)}, {'text': 'impressa', 'timestamp': (0.16, 0.48)}, {'text': 'depositante', 'timestamp': (0.58, 1.18)}, {'text': 'seu', 'timestamp': (1.32, 1.44)}];0,8;0,8;0,95;0,1875
./audios/SP_DID_250_972.30191_990.55569.wav;972,30191;990,55569;aí a garantia é uma letra promissória... o vencimento pelo prazo de vencimento é muito curto... sessenta no máximo noventa dias... com um aval de garantia... e::... com possibilidades de renovação... desde que no fim do prazo seja paga pelo menos uma parte da dívida;aí a garantia é uma letra promissória o vencimento pelo prazo de vencimento é muito curto sessenta no máximo noventa dias com um aval de garantia e com possibilidades de renovação desde que no fim do prazo seja paga pelo menos uma parte da dívida;18,253780000000006;aí a garantia é uma letra promissora o vencimento o prazo de vencimento é muito curto no máximo dias com um aval de garantia e com possibilidades de renovação desde que no fim do prazo seja paga pelo menos uma parte da vida;;[{'text': 'aí', 'timestamp': (0.02, 0.08)}, {'text': 'a', 'timestamp': (0.22, 0.24)}, {'text': 'garantia', 'timestamp': (0.28, 0.62)}, {'text': 'é', 'timestamp': (0.66, 0.68)}, {'text': 'uma', 'timestamp': (0.7, 0.8)}, {'text': 'letra', 'timestamp': (0.84, 1.06)}, {'text': 'promissora', 'timestamp': (1.12, 1.7)}, {'text': 'o', 'timestamp': (2.48, 2.5)}, {'text': 'vencimento', 'timestamp': (2.54, 3.0)}, {'text': 'o', 'timestamp': (3.12, 3.16)}, {'text': 'prazo', 'timestamp': (3.22, 3.4)}, {'text': 'de', 'timestamp': (3.42, 3.46)}, {'text': 'vencimento', 'timestamp': (3.48, 3.78)}, {'text': 'é', 'timestamp': (3.84, 3.86)}, {'text': 'muito', 'timestamp': (3.9, 4.04)}, {'text': 'curto', 'timestamp': (4.12, 4.32)}, {'text': 'no', 'timestamp': (5.6, 5.66)}, {'text': 'máximo', 'timestamp': (5.72, 6.0)}, {'text': 'dias', 'timestamp': (6.52, 6.72)}, {'text': 'com', 'timestamp': (7.54, 7.66)}, {'text': 'um', 'timestamp': (7.78, 7.82)}, {'text': 'aval', 'timestamp': (7.9, 8.22)}, {'text': 'de', 'timestamp': (8.3, 8.36)}, {'text': 'garantia', 'timestamp': (8.44, 8.86)}, {'text': 'e', 'timestamp': (11.62, 11.64)}, {'text': 'com', 'timestamp': (12.58, 12.72)}, {'text': 'possibilidades', 'timestamp': (12.9, 13.56)}, {'text': 'de', 'timestamp': (13.62, 13.68)}, {'text': 'renovação', 'timestamp': (13.78, 14.42)}, {'text': 'desde', 'timestamp': (15.12, 15.36)}, {'text': 'que', 'timestamp': (15.46, 15.54)}, {'text': 'no', 'timestamp': (15.62, 15.68)}, {'text': 'fim', 'timestamp': (15.74, 15.84)}, {'text': 'do', 'timestamp': (15.9, 15.96)}, {'text': 'prazo', 'timestamp': (16.02, 16.22)}, {'text': 'seja', 'timestamp': (16.32, 16.6)}, {'text': 'paga', 'timestamp': (16.66, 16.86)}, {'text': 'pelo', 'timestamp': (16.96, 17.08)}, {'text': 'menos', 'timestamp': (17.12, 17.28)}, {'text': 'uma', 'timestamp': (17.36, 17.44)}, {'text': 'parte', 'timestamp': (17.56, 17.78)}, {'text': 'da', 'timestamp': (17.86, 17.9)}, {'text': 'vida', 'timestamp': (17.98, 18.18)}];0,1111111111111111;0,1111111111111111;0,17312661498708015;0,0975609756097561
./audios/SP_DID_250_995.97351_996.21663.wav;995,97351;996,21663;ahn?;ah;0,24311999999997624;a;;[{'text': 'a', 'timestamp': (1.06, 1.08)}];1,0;1,0;1,0;0,5
./audios/SP_DID_250_1000.3465_1006.10949.wav;1000,3465;1006,10949;bom normalmente:: ah:: o os termos usuais são... devedor... e credor;bom normalmente ah o os termos usuais são devedor e credor;5,762990000000059;normalmente os termos usuais são devedor e credor;;[{'text': 'normalmente', 'timestamp': (0.24, 0.86)}, {'text': 'os', 'timestamp': (2.04, 2.38)}, {'text': 'termos', 'timestamp': (2.44, 2.68)}, {'text': 'usuais', 'timestamp': (2.8, 3.22)}, {'text': 'são', 'timestamp': (3.38, 3.52)}, {'text': 'devedor', 'timestamp': (4.2, 4.74)}, {'text': 'e', 'timestamp': (5.18, 5.2)}, {'text': 'credor', 'timestamp': (5.32, 5.68)}];0,2727272727272727;0,2727272727272727;0,2727272727272727;0,15517241379310345
./audios/SP_DID_250_1007.17036_1008.45648.wav;1007,17036;1008,45648;quem empresta é o devedor;quem empresta é o devedor;1,2861200000000963;quem empresta o devedor;;[{'text': 'quem', 'timestamp': (0.0, 0.12)}, {'text': 'empresta', 'timestamp': (0.14, 0.6)}, {'text': 'o', 'timestamp': (0.7, 0.74)}, {'text': 'devedor', 'timestamp': (0.84, 1.2)}];0,2;0,2;0,19999999999999996;0,08
./audios/SP_DID_250_1010.68861_1013.8.wav;1010,68861;1013,8;agora é possível que haja outro termo... específico;agora é possível que haja outro termo específico;3,111389999999915;agora é possível que haja algum outro termo específico;;[{'text': 'agora', 'timestamp': (0.12, 0.32)}, {'text': 'é', 'timestamp': (0.36, 0.38)}, {'text': 'possível', 'timestamp': (0.46, 0.8)}, {'text': 'que', 'timestamp': (0.88, 0.94)}, {'text': 'haja', 'timestamp': (1.0, 1.16)}, {'text': 'algum', 'timestamp': (1.22, 1.44)}, {'text': 'outro', 'timestamp': (1.58, 1.8)}, {'text': 'termo', 'timestamp': (1.92, 2.2)}, {'text': 'específico', 'timestamp': (2.3, 2.94)}];0,125;0,1111111111111111;0,11111111111111116;0,125
./audios/SP_DID_250_1014.39208_1020.85195.wav;1014,39208;1020,85195;mas isto já está::... confesso fora dos meus... limiTAdos... conhecimentos na matéria;mas isto já está confesso fora dos meus limitados conhecimentos na matéria;6,4598700000000235;mas isso já está confesso fora dos meus limitados conhecimentos na matéria;;[{'text': 'mas', 'timestamp': (0.06, 0.22)}, {'text': 'isso', 'timestamp': (0.3, 0.46)}, {'text': 'já', 'timestamp': (0.58, 0.62)}, {'text': 'está', 'timestamp': (0.7, 0.9)}, {'text': 'confesso', 'timestamp': (2.18, 2.68)}, {'text': 'fora', 'timestamp': (2.86, 3.06)}, {'text': 'dos', 'timestamp': (3.16, 3.28)}, {'text': 'meus', 'timestamp': (3.38, 3.66)}, {'text': 'limitados', 'timestamp': (4.38, 5.14)}, {'text': 'conhecimentos', 'timestamp': (5.28, 5.92)}, {'text': 'na', 'timestamp': (5.98, 6.04)}, {'text': 'matéria', 'timestamp': (6.1, 6.42)}];0,08333333333333333;0,08333333333333333;0,15972222222222232;0,013513513513513514
./audios/SP_DID_250_1022.55017_1023.83125.wav;1022,55017;1023,83125;éh... credor e devedor;eh credor e devedor;1,2810799999999745;é credor e devedor;;[{'text': 'é', 'timestamp': (0.04, 0.06)}, {'text': 'credor', 'timestamp': (0.28, 0.7)}, {'text': 'e', 'timestamp': (0.8, 0.82)}, {'text': 'devedor', 'timestamp': (0.86, 1.22)}];0,25;0,25;0,4375;0,10526315789473684
./audios/SP_DID_250_1024.59588_1030.191.wav;1024,59588;1030,191;quem deve é o devedor... quem tem direito a receber o montante da dívida é o é o é o credor;quem deve é o devedor quem tem direito a receber o montante da dívida é o é o é o credor;5,595119999999952;quem deve o devedor quem tem direito a receber o montante da dívida é o credor;;[{'text': 'quem', 'timestamp': (0.02, 0.16)}, {'text': 'deve', 'timestamp': (0.2, 0.36)}, {'text': 'o', 'timestamp': (0.44, 0.46)}, {'text': 'devedor', 'timestamp': (0.5, 0.9)}, {'text': 'quem', 'timestamp': (2.42, 2.54)}, {'text': 'tem', 'timestamp': (2.64, 2.74)}, {'text': 'direito', 'timestamp': (2.82, 3.02)}, {'text': 'a', 'timestamp': (3.08, 3.1)}, {'text': 'receber', 'timestamp': (3.18, 3.64)}, {'text': 'o', 'timestamp': (3.72, 3.74)}, {'text': 'montante', 'timestamp': (3.8, 4.08)}, {'text': 'da', 'timestamp': (4.14, 4.18)}, {'text': 'dívida', 'timestamp': (4.28, 4.54)}, {'text': 'é', 'timestamp': (4.58, 4.6)}, {'text': 'o', 'timestamp': (5.1, 5.12)}, {'text': 'credor', 'timestamp': (5.2, 5.52)}];0,23809523809523808;0,23809523809523808;0,23809523809523814;0,11363636363636363
./audios/SP_DID_250_1039.95855_1044.46648.wav;1039,95855;1044,46648;ah::... que ele exige de quem do::... do seu::... do seu constituinte do seu cliente;ah que ele exige de quem do do seu do seu constituinte do seu cliente;4,507929999999988;ah ele existe quem do do seu do seu constituinte do seu cliente;;[{'text': 'ah', 'timestamp': (0.14, 0.22)}, {'text': 'ele', 'timestamp': (0.62, 0.74)}, {'text': 'existe', 'timestamp': (0.82, 1.22)}, {'text': 'quem', 'timestamp': (1.38, 1.54)}, {'text': 'do', 'timestamp': (1.7, 1.78)}, {'text': 'do', 'timestamp': (2.1, 2.16)}, {'text': 'seu', 'timestamp': (2.28, 2.44)}, {'text': 'do', 'timestamp': (2.98, 3.04)}, {'text': 'seu', 'timestamp': (3.12, 3.22)}, {'text': 'constituinte', 'timestamp': (3.3, 3.82)}, {'text': 'do', 'timestamp': (3.94, 4.0)}, {'text': 'seu', 'timestamp': (4.04, 4.14)}, {'text': 'cliente', 'timestamp': (4.2, 4.44)}];0,2;0,2;0,2615384615384615;0,11594202898550725
./audios/SP_DID_250_1045.09345_1065.97677.wav;1045,09345;1065,97677;bem... O::... todo advogado começa... prudentemente... por::... pedir... além de uma procuração ad judicia quer dizer uma procuração que lhe permite defender os interesses do cliente em juízo... firmar com ele... também... um::... contrato de honorários;bem o todo advogado começa prudentemente por pedir além de uma procuração ad judicia quer dizer uma procuração que lhe permite defender os interesses do cliente em juízo firmar com ele também um contrato de honorários;20,883319999999912;bem o todo o advogado começa prudentemente por pedir além de uma procuração ad judicia quer dizer uma procuração que lhe permite defender os interesses do cliente e juízo firmar com ele também uto de honorário;;[{'text': 'bem', 'timestamp': (0.08, 0.18)}, {'text': 'o', 'timestamp': (1.46, 1.48)}, {'text': 'todo', 'timestamp': (1.92, 2.06)}, {'text': 'o', 'timestamp': (2.12, 2.14)}, {'text': 'advogado', 'timestamp': (2.18, 2.62)}, {'text': 'começa', 'timestamp': (2.78, 3.18)}, {'text': 'prudentemente', 'timestamp': (3.32, 4.02)}, {'text': 'por', 'timestamp': (4.9, 5.28)}, {'text': 'pedir', 'timestamp': (6.08, 6.48)}, {'text': 'além', 'timestamp': (7.32, 7.5)}, {'text': 'de', 'timestamp': (7.56, 7.6)}, {'text': 'uma', 'timestamp': (7.66, 7.74)}, {'text': 'procuração', 'timestamp': (7.82, 8.5)}, {'text': 'ad', 'timestamp': (9.96, 10.08)}, {'text': 'judicia', 'timestamp': (10.14, 10.54)}, {'text': 'quer', 'timestamp': (10.62, 10.72)}, {'text': 'dizer', 'timestamp': (10.76, 10.88)}, {'text': 'uma', 'timestamp': (10.92, 10.98)}, {'text': 'procuração', 'timestamp': (11.04, 11.52)}, {'text': 'que', 'timestamp': (11.6, 11.68)}, {'text': 'lhe', 'timestamp': (11.72, 11.8)}, {'text': 'permite', 'timestamp': (11.88, 12.2)}, {'text': 'defender', 'timestamp': (12.3, 12.78)}, {'text': 'os', 'timestamp': (12.9, 12.94)}, {'text': 'interesses', 'timestamp': (13.04, 13.4)}, {'text': 'do', 'timestamp': (13.46, 13.5)}, {'text': 'cliente', 'timestamp': (13.58, 13.9)}, {'text': 'e', 'timestamp': (13.96, 14.02)}, {'text': 'juízo', 'timestamp': (14.14, 14.42)}, {'text': 'firmar', 'timestamp': (15.72, 16.12)}, {'text': 'com', 'timestamp': (16.24, 16.34)}, {'text': 'ele', 'timestamp': (16.42, 16.58)}, {'text': 'também', 'timestamp': (17.38, 17.74)}, {'text': 'uto', 'timestamp': (18.84, 18.96)}, {'text': 'de', 'timestamp': (19.08, 19.14)}, {'text': 'honorário', 'timestamp': (19.18, 19.68)}];0,1388888888888889;0,13513513513513514;0,2098765432098766;0,055299539170506916
./audios/SP_DID_250_1068.67759_1079.10075.wav;1068,67759;1079,10075;haBItualmente... mas isso não é uma::... uma obrigação legal... os:: advogados cobram... vinte por cento do valor da causa;habitualmente mas isso não é uma uma obrigação legal os advogados cobram vinte por cento do valor da causa;10,423160000000053;habitualmente mas isso não é uma obrigação legal os advogados cobram do valor da causa;;[{'text': 'habitualmente', 'timestamp': (0.04, 1.04)}, {'text': 'mas', 'timestamp': (1.52, 1.64)}, {'text': 'isso', 'timestamp': (1.72, 1.9)}, {'text': 'não', 'timestamp': (1.98, 2.06)}, {'text': 'é', 'timestamp': (2.12, 2.14)}, {'text': 'uma', 'timestamp': (3.04, 3.16)}, {'text': 'obrigação', 'timestamp': (3.24, 3.78)}, {'text': 'legal', 'timestamp': (3.88, 4.18)}, {'text': 'os', 'timestamp': (5.86, 6.3)}, {'text': 'advogados', 'timestamp': (6.4, 7.02)}, {'text': 'cobram', 'timestamp': (7.18, 7.54)}, {'text': 'do', 'timestamp': (9.28, 9.34)}, {'text': 'valor', 'timestamp': (9.44, 9.7)}, {'text': 'da', 'timestamp': (9.8, 9.84)}, {'text': 'causa', 'timestamp': (9.98, 10.32)}];0,21052631578947367;0,21052631578947367;0,21052631578947367;0,18867924528301888
./audios/SP_DID_250_1080.79192_1082.42615.wav;1080,79192;1082,42615;mas... podem cobrar menos;mas podem cobrar menos;1,634230000000116;mas podem cobrar mesmo;;[{'text': 'mas', 'timestamp': (0.1, 0.26)}, {'text': 'podem', 'timestamp': (0.46, 0.78)}, {'text': 'cobrar', 'timestamp': (0.9, 1.18)}, {'text': 'mesmo', 'timestamp': (1.32, 1.54)}];0,25;0,25;0,4375;0,13636363636363635
./audios/SP_DID_250_1084.28696_1118.24963.wav;1084,28696;1118,24963;eu por exemplo agora... assinei... procuração... e aceitei as condições do contrato de honorários... com advogados que estão... ahn::... procurando obter na justiça... um reajustamento... ahn::... de vencimentos... dos professores universitários... --não não só da faculdade como como de outras... escolas também--... um reajustamento de vencimentos... ahn:: no que... tange às antigas gratificações de curso noturno et cetera e outras coisas;eu por exemplo agora assinei procuração e aceitei as condições do contrato de honorários com advogados que estão ah procurando obter na justiça um reajustamento ah de vencimentos dos professores universitários não não só da faculdade como como de outras escolas também um reajustamento de vencimentos ah no que tange às antigas gratificações de curso noturno et cetera e outras coisas;33,96267000000012;eu por exemplo agora assinei procuração e aceitei as condições do contrato honorário com advogados que estão procurando obter na justiça um reajustamento de vencimentos dos professores universitários não não só da faculdade como como de outras escolas também um reajustamento de vencimentos no que tange as antigas gratificações d curso noturno etecetera e outras coisas;;[{'text': 'eu', 'timestamp': (0.06, 0.14)}, {'text': 'por', 'timestamp': (0.24, 0.34)}, {'text': 'exemplo', 'timestamp': (0.4, 0.8)}, {'text': 'agora', 'timestamp': (0.9, 1.3)}, {'text': 'assinei', 'timestamp': (2.42, 3.04)}, {'text': 'procuração', 'timestamp': (3.92, 4.6)}, {'text': 'e', 'timestamp': (5.42, 5.44)}, {'text': 'aceitei', 'timestamp': (5.54, 6.0)}, {'text': 'as', 'timestamp': (6.1, 6.16)}, {'text': 'condições', 'timestamp': (6.26, 6.66)}, {'text': 'do', 'timestamp': (6.72, 6.78)}, {'text': 'contrato', 'timestamp': (6.84, 7.22)}, {'text': 'honorário', 'timestamp': (7.28, 7.68)}, {'text': 'com', 'timestamp': (8.34, 8.42)}, {'text': 'advogados', 'timestamp': (8.5, 9.08)}, {'text': 'que', 'timestamp': (9.18, 9.24)}, {'text': 'estão', 'timestamp': (9.32, 9.58)}, {'text': 'procurando', 'timestamp': (11.72, 12.08)}, {'text': 'obter', 'timestamp': (12.16, 12.5)}, {'text': 'na', 'timestamp': (12.62, 12.68)}, {'text': 'justiça', 'timestamp': (12.82, 13.34)}, {'text': 'um', 'timestamp': (13.9, 13.96)}, {'text': 'reajustamento', 'timestamp': (14.12, 15.14)}, {'text': 'de', 'timestamp': (18.0, 18.06)}, {'text': 'vencimentos', 'timestamp': (18.18, 18.84)}, {'text': 'dos', 'timestamp': (20.44, 20.54)}, {'text': 'professores', 'timestamp': (20.62, 21.06)}, {'text': 'universitários', 'timestamp': (21.12, 21.86)}, {'text': 'não', 'timestamp': (22.86, 22.98)}, {'text': 'não', 'timestamp': (23.14, 23.24)}, {'text': 'só', 'timestamp': (23.34, 23.4)}, {'text': 'da', 'timestamp': (23.5, 23.54)}, {'text': 'faculdade', 'timestamp': (23.62, 24.06)}, {'text': 'como', 'timestamp': (24.18, 24.32)}, {'text': 'como', 'timestamp': (24.44, 24.58)}, {'text': 'de', 'timestamp': (24.68, 24.72)}, {'text': 'outras', 'timestamp': (24.78, 25.06)}, {'text': 'escolas', 'timestamp': (25.6, 25.94)}, {'text': 'também', 'timestamp': (26.0, 26.18)}, {'text': 'um', 'timestamp': (26.74, 26.78)}, {'text': 'reajustamento', 'timestamp': (26.88, 27.48)}, {'text': 'de', 'timestamp': (27.52, 27.56)}, {'text': 'vencimentos', 'timestamp': (27.62, 28.2)}, {'text': 'no', 'timestamp': (29.64, 29.7)}, {'text': 'que', 'timestamp': (29.8, 29.86)}, {'text': 'tange', 'timestamp': (30.02, 30.34)}, {'text': 'as', 'timestamp': (30.5, 30.64)}, {'text': 'antigas', 'timestamp': (30.76, 31.18)}, {'text': 'gratificações', 'timestamp': (31.24, 31.9)}, {'text': 'd', 'timestamp': (31.94, 31.96)}, {'text': 'curso', 'timestamp': (32.02, 32.24)}, {'text': 'noturno', 'timestamp': (32.32, 32.76)}, {'text': 'etecetera', 'timestamp': (32.84, 33.18)}, {'text': 'e', 'timestamp': (33.26, 33.28)}, {'text': 'outras', 'timestamp': (33.34, 33.58)}, {'text': 'coisas', 'timestamp': (33.66, 33.86)}];0,14754098360655737;0,14754098360655737;0,20843091334894615;0,041666666666666664
./audios/SP_DID_250_1118.77283_1129.70681.wav;1118,77283;1129,70681;bem... esses nos pediram... quinze por cento... daquilo que recebermos... e... SÓ... se recebermos... e no momento em que recebermos;bem esses nos pediram quinze por cento daquilo que recebermos e só se recebermos e no momento em que recebermos;10,933979999999792;bem esses nos pediram daquilo que recebemos e só se recebermos e no momento em que recebermos;;[{'text': 'bem', 'timestamp': (0.06, 0.16)}, {'text': 'esses', 'timestamp': (0.36, 0.7)}, {'text': 'nos', 'timestamp': (0.8, 0.9)}, {'text': 'pediram', 'timestamp': (1.0, 1.36)}, {'text': 'daquilo', 'timestamp': (4.68, 5.04)}, {'text': 'que', 'timestamp': (5.14, 5.2)}, {'text': 'recebemos', 'timestamp': (5.32, 5.92)}, {'text': 'e', 'timestamp': (6.14, 6.16)}, {'text': 'só', 'timestamp': (6.48, 6.56)}, {'text': 'se', 'timestamp': (7.94, 8.0)}, {'text': 'recebermos', 'timestamp': (8.18, 8.82)}, {'text': 'e', 'timestamp': (9.42, 9.44)}, {'text': 'no', 'timestamp': (9.56, 9.64)}, {'text': 'momento', 'timestamp': (9.72, 10.04)}, {'text': 'em', 'timestamp': (10.16, 10.22)}, {'text': 'que', 'timestamp': (10.26, 10.32)}, {'text': 'recebermos', 'timestamp': (10.44, 10.9)}];0,2;0,2;0,24705882352941178;0,16216216216216217
./audios/SP_DID_250_1131.14523_1139.00289.wav;1131,14523;1139,00289;quer dizer que o contrato de honorários... não obedece a normas... Rí::gidas... e SEMpre as mesmas;quer dizer que o contrato de honorários não obedece a normas rígidas e sempre as mesmas;7,857659999999896;quer dizer que o contrato de honorários não obedece a normas rígidas e sempre as mesmas;;[{'text': 'quer', 'timestamp': (0.02, 0.1)}, {'text': 'dizer', 'timestamp': (0.14, 0.28)}, {'text': 'que', 'timestamp': (0.38, 0.44)}, {'text': 'o', 'timestamp': (0.6, 0.62)}, {'text': 'contrato', 'timestamp': (0.72, 1.08)}, {'text': 'de', 'timestamp': (1.12, 1.16)}, {'text': 'honorários', 'timestamp': (1.18, 1.64)}, {'text': 'não', 'timestamp': (3.54, 3.68)}, {'text': 'obedece', 'timestamp': (3.82, 4.3)}, {'text': 'a', 'timestamp': (4.4, 4.42)}, {'text': 'normas', 'timestamp': (4.5, 4.96)}, {'text': 'rígidas', 'timestamp': (5.76, 6.36)}, {'text': 'e', 'timestamp': (6.76, 6.78)}, {'text': 'sempre', 'timestamp': (7.14, 7.4)}, {'text': 'as', 'timestamp': (7.48, 7.54)}, {'text': 'mesmas', 'timestamp': (7.6, 7.8)}];0,0;0,0;0,0;0,0
./audios/SP_DID_250_1147.48786_1152.30278.wav;1147,48786;1152,30278;a situação... bem aí há:: na realidade... situações;a situação bem aí há na realidade situações;4,814920000000029;a situação bem aí há na realidade situações;;[{'text': 'a', 'timestamp': (0.18, 0.2)}, {'text': 'situação', 'timestamp': (0.3, 0.92)}, {'text': 'bem', 'timestamp': (1.58, 1.7)}, {'text': 'aí', 'timestamp': (1.9, 2.0)}, {'text': 'há', 'timestamp': (2.18, 2.24)}, {'text': 'na', 'timestamp': (2.7, 2.78)}, {'text': 'realidade', 'timestamp': (2.88, 3.42)}, {'text': 'situações', 'timestamp': (4.02, 4.74)}];0,0;0,0;0,0;0,0
./audios/SP_DID_250_1153.79619_1176.35943.wav;1153,79619;1176,35943;há a situação... ahn... propriamente empresarial... quer dizer... ahn a situação... ahn:::... financeira... de uma::... de uma Empresa que não pode mais funcionar... por insolvabilidade ou por alguma outra razão;há a situação ah propriamente empresarial quer dizer ah a situação ah financeira de uma de uma empresa que não pode mais funcionar por insolvabilidade ou por alguma outra razão;22,56323999999995;ah a situação propriamente empresarial quer dizer a situação financeira de uma de uma empresa que não pode mais funcionar por insolvabilidade ou por alguma outra razão;;[{'text': 'ah', 'timestamp': (0.04, 0.12)}, {'text': 'a', 'timestamp': (0.32, 0.34)}, {'text': 'situação', 'timestamp': (0.44, 1.0)}, {'text': 'propriamente', 'timestamp': (4.22, 4.72)}, {'text': 'empresarial', 'timestamp': (4.84, 5.52)}, {'text': 'quer', 'timestamp': (5.76, 5.86)}, {'text': 'dizer', 'timestamp': (5.92, 6.16)}, {'text': 'a', 'timestamp': (7.1, 7.12)}, {'text': 'situação', 'timestamp': (7.56, 8.12)}, {'text': 'financeira', 'timestamp': (9.46, 10.16)}, {'text': 'de', 'timestamp': (11.24, 11.3)}, {'text': 'uma', 'timestamp': (11.44, 11.6)}, {'text': 'de', 'timestamp': (14.64, 14.7)}, {'text': 'uma', 'timestamp': (14.82, 15.04)}, {'text': 'empresa', 'timestamp': (15.36, 15.82)}, {'text': 'que', 'timestamp': (16.68, 16.76)}, {'text': 'não', 'timestamp': (16.86, 16.94)}, {'text': 'pode', 'timestamp': (17.08, 17.32)}, {'text': 'mais', 'timestamp': (17.54, 17.78)}, {'text': 'funcionar', 'timestamp': (17.9, 18.46)}, {'text': 'por', 'timestamp': (19.68, 19.8)}, {'text': 'insolvabilidade', 'timestamp': (19.88, 21.0)}, {'text': 'ou', 'timestamp': (21.16, 21.22)}, {'text': 'por', 'timestamp': (21.34, 21.42)}, {'text': 'alguma', 'timestamp': (21.5, 21.74)}, {'text': 'outra', 'timestamp': (21.84, 22.06)}, {'text': 'razão', 'timestamp': (22.16, 22.46)}];0,13333333333333333;0,13333333333333333;0,16543209876543208;0,0625
./audios/SP_DID_250_1178.13322_1184.42443.wav;1178,13322;1184,42443;mas há... pelo menos mais... ESta situação... a daqueles que trabalham na fábrica;mas há pelo menos mais esta situação a daqueles que trabalham na fábrica;6,291210000000092;mas há pelo menos mais esta situação a daqueles que trabalham na fábrica;;[{'text': 'mas', 'timestamp': (0.08, 0.22)}, {'text': 'há', 'timestamp': (0.3, 0.34)}, {'text': 'pelo', 'timestamp': (1.7, 1.84)}, {'text': 'menos', 'timestamp': (1.94, 2.16)}, {'text': 'mais', 'timestamp': (2.24, 2.5)}, {'text': 'esta', 'timestamp': (2.8, 3.08)}, {'text': 'situação', 'timestamp': (3.2, 3.68)}, {'text': 'a', 'timestamp': (4.62, 4.64)}, {'text': 'daqueles', 'timestamp': (4.72, 5.16)}, {'text': 'que', 'timestamp': (5.24, 5.3)}, {'text': 'trabalham', 'timestamp': (5.42, 5.78)}, {'text': 'na', 'timestamp': (5.82, 5.88)}, {'text': 'fábrica', 'timestamp': (5.96, 6.26)}];0,0;0,0;0,0;0,0
./audios/SP_DID_250_1186.3972_1186.74063.wav;1186,3972;1186,74063;não é?;não é;0,3434299999998984;não é;;[{'text': 'não', 'timestamp': (1.04, 1.14)}, {'text': 'é', 'timestamp': (1.18, 1.2)}];0,0;0,0;0,0;0,0
./audios/SP_DID_250_1188.02652_1199.28305.wav;1188,02652;1199,28305;bem... aí é uma pergunta:: ehn... difícil de responder... em em termos... ahn::... absolutos;bem aí é uma pergunta eh difícil de responder em em termos ah absolutos;11,256530000000112;bom aí é uma pergunta difícil de responder em termos absolutos;;[{'text': 'bom', 'timestamp': (0.04, 0.16)}, {'text': 'aí', 'timestamp': (1.88, 2.0)}, {'text': 'é', 'timestamp': (2.28, 2.3)}, {'text': 'uma', 'timestamp': (2.38, 2.48)}, {'text': 'pergunta', 'timestamp': (2.58, 3.08)}, {'text': 'difícil', 'timestamp': (5.3, 5.84)}, {'text': 'de', 'timestamp': (5.94, 5.98)}, {'text': 'responder', 'timestamp': (6.1, 6.74)}, {'text': 'em', 'timestamp': (7.8, 7.88)}, {'text': 'termos', 'timestamp': (8.02, 8.54)}, {'text': 'absolutos', 'timestamp': (10.48, 11.2)}];0,2857142857142857;0,2857142857142857;0,35064935064935066;0,14084507042253522
./audios/SP_DID_250_1200.44999_1203.45271.wav;1200,44999;1203,45271;quer dizer haverá... mais de uma situação;quer dizer haverá mais de uma situação;3,002719999999954;quer dizer haverá mais de uma situação;;[{'text': 'quer', 'timestamp': (0.0, 0.1)}, {'text': 'dizer', 'timestamp': (0.12, 0.24)}, {'text': 'haverá', 'timestamp': (0.32, 0.58)}, {'text': 'mais', 'timestamp': (1.7, 1.92)}, {'text': 'de', 'timestamp': (2.0, 2.04)}, {'text': 'uma', 'timestamp': (2.08, 2.16)}, {'text': 'situação', 'timestamp': (2.26, 2.82)}];0,0;0,0;0,0;0,0
./audios/SP_DID_250_1203.45271_1216.2432.wav;1203,45271;1216,2432;a... a fábrica... pelo fato de alegar... ah o motivo de força maior... não deixa responder eventualmente por algumas obrigações em relação aos seus trabalhadores;a a fábrica pelo fato de alegar ah o motivo de força maior não deixa responder eventualmente por algumas obrigações em relação aos seus trabalhadores;12,790489999999863;a fábrica pelo fato de alegar um motivo de força maior não deixa de responder eventualmente por algumas obrigações em relação aos seus trabalhadores;;[{'text': 'a', 'timestamp': (0.1, 0.12)}, {'text': 'fábrica', 'timestamp': (0.46, 0.88)}, {'text': 'pelo', 'timestamp': (1.58, 1.76)}, {'text': 'fato', 'timestamp': (1.88, 2.16)}, {'text': 'de', 'timestamp': (2.28, 2.34)}, {'text': 'alegar', 'timestamp': (2.48, 2.96)}, {'text': 'um', 'timestamp': (4.66, 4.7)}, {'text': 'motivo', 'timestamp': (4.8, 5.1)}, {'text': 'de', 'timestamp': (5.18, 5.22)}, {'text': 'força', 'timestamp': (5.34, 5.6)}, {'text': 'maior', 'timestamp': (5.7, 6.06)}, {'text': 'não', 'timestamp': (7.78, 7.86)}, {'text': 'deixa', 'timestamp': (7.96, 8.2)}, {'text': 'de', 'timestamp': (8.28, 8.34)}, {'text': 'responder', 'timestamp': (8.44, 9.02)}, {'text': 'eventualmente', 'timestamp': (9.3, 9.86)}, {'text': 'por', 'timestamp': (9.98, 10.08)}, {'text': 'algumas', 'timestamp': (10.16, 10.6)}, {'text': 'obrigações', 'timestamp': (10.68, 11.28)}, {'text': 'em', 'timestamp': (11.34, 11.38)}, {'text': 'relação', 'timestamp': (11.42, 11.8)}, {'text': 'aos', 'timestamp': (11.86, 11.94)}, {'text': 'seus', 'timestamp': (12.0, 12.16)}, {'text': 'trabalhadores', 'timestamp': (12.22, 12.74)}];0,16;0,15384615384615385;0,19333333333333336;0,06040268456375839
./audios/SP_DID_250_1216.33435_1235.34176.wav;1216,33435;1235,34176;agora... com referência... aos... aos interesses... pecuniários dos trabalhadores... eu tenho a impressão... de que... o Fundo de Garantia... se estiver em ordem... não é?... responde;agora com referência aos aos interesses pecuniários dos trabalhadores eu tenho a impressão de que o fundo de garantia se estiver em ordem não é responde;19,007409999999936;agora com referência aos interesses pecuniários dos trabalhadores eu tenho a impressão de que o fundo de garantia se estiver em ordem não é respondo;;[{'text': 'agora', 'timestamp': (0.06, 0.28)}, {'text': 'com', 'timestamp': (0.82, 0.92)}, {'text': 'referência', 'timestamp': (1.02, 1.62)}, {'text': 'aos', 'timestamp': (5.5, 5.8)}, {'text': 'interesses', 'timestamp': (5.92, 6.38)}, {'text': 'pecuniários', 'timestamp': (6.98, 7.8)}, {'text': 'dos', 'timestamp': (7.94, 8.04)}, {'text': 'trabalhadores', 'timestamp': (8.1, 8.7)}, {'text': 'eu', 'timestamp': (9.88, 9.94)}, {'text': 'tenho', 'timestamp': (10.1, 10.3)}, {'text': 'a', 'timestamp': (10.34, 10.36)}, {'text': 'impressão', 'timestamp': (10.42, 10.94)}, {'text': 'de', 'timestamp': (11.4, 11.46)}, {'text': 'que', 'timestamp': (11.64, 11.72)}, {'text': 'o', 'timestamp': (12.22, 12.24)}, {'text': 'fundo', 'timestamp': (12.46, 12.74)}, {'text': 'de', 'timestamp': (12.84, 12.9)}, {'text': 'garantia', 'timestamp': (12.98, 13.48)}, {'text': 'se', 'timestamp': (14.66, 14.72)}, {'text': 'estiver', 'timestamp': (14.84, 15.26)}, {'text': 'em', 'timestamp': (15.34, 15.4)}, {'text': 'ordem', 'timestamp': (15.48, 15.78)}, {'text': 'não', 'timestamp': (17.06, 17.16)}, {'text': 'é', 'timestamp': (17.22, 17.24)}, {'text': 'respondo', 'timestamp': (18.44, 18.9)}];0,07692307692307693;0,07692307692307693;0,11384615384615382;0,03289473684210526
./audios/SP_DID_250_1236.17854_1256.48.wav;1236,17854;1256,48;(era só saber tam/) éh também se a fábrica... mantereria em dia os seus pagamentos... ah:: referentes a::... como é que se chama? ao i ene pê esse... quer dizer a::... assistência... previdencial... quer dizer aposentadoria... a que o trabalhador que... concorre para o i ene pê esse tem direito... né?;era só saber tam eh também se a fábrica mantereria em dia os seus pagamentos ah referentes a como é que se chama ao i ene pê esse quer dizer a assistência previdencial quer dizer aposentadoria a que o trabalhador que concorre para o i ene pê esse tem direito né;20,301459999999906;esta tabela também se a fábrica manter e envia os seus pagamentos referentes a como é que se chama ao inss quer dizer a assistência previdencial quer dizer aposentadoria aqui o trabalhador que ito né;;[{'text': 'esta', 'timestamp': (0.02, 0.24)}, {'text': 'tabela', 'timestamp': (0.3, 0.52)}, {'text': 'também', 'timestamp': (0.58, 1.36)}, {'text': 'se', 'timestamp': (1.46, 1.52)}, {'text': 'a', 'timestamp': (1.58, 1.6)}, {'text': 'fábrica', 'timestamp': (1.7, 2.1)}, {'text': 'manter', 'timestamp': (2.76, 3.04)}, {'text': 'e', 'timestamp': (3.16, 3.18)}, {'text': 'envia', 'timestamp': (3.2, 3.48)}, {'text': 'os', 'timestamp': (3.54, 3.58)}, {'text': 'seus', 'timestamp': (3.62, 3.78)}, {'text': 'pagamentos', 'timestamp': (3.86, 4.54)}, {'text': 'referentes', 'timestamp': (5.56, 6.2)}, {'text': 'a', 'timestamp': (6.3, 6.32)}, {'text': 'como', 'timestamp': (7.44, 7.54)}, {'text': 'é', 'timestamp': (7.56, 7.58)}, {'text': 'que', 'timestamp': (7.62, 7.68)}, {'text': 'se', 'timestamp': (7.72, 7.82)}, {'text': 'chama', 'timestamp': (7.88, 8.04)}, {'text': 'ao', 'timestamp': (8.08, 8.14)}, {'text': 'inss', 'timestamp': (8.2, 8.8)}, {'text': 'quer', 'timestamp': (9.66, 9.86)}, {'text': 'dizer', 'timestamp': (9.92, 10.1)}, {'text': 'a', 'timestamp': (11.6, 11.62)}, {'text': 'assistência', 'timestamp': (11.64, 12.2)}, {'text': 'previdencial', 'timestamp': (13.14, 13.74)}, {'text': 'quer', 'timestamp': (14.62, 14.7)}, {'text': 'dizer', 'timestamp': (14.74, 14.88)}, {'text': 'aposentadoria', 'timestamp': (15.0, 15.76)}, {'text': 'aqui', 'timestamp': (16.9, 17.04)}, {'text': 'o', 'timestamp': (17.1, 17.12)}, {'text': 'trabalhador', 'timestamp': (17.18, 17.78)}, {'text': 'que', 'timestamp': (17.9, 17.96)}, {'text': 'ito', 'timestamp': (18.3, 18.4)}, {'text': 'né', 'timestamp': (18.48, 18.56)}];0,47058823529411764;0,47058823529411764;0,5915966386554621;0,27586206896551724
./audios/SP_DID_250_1260.8188_1261.00915.wav;1260,8188;1261,00915;como?;como;0,1903500000000804;com;;[{'text': 'com', 'timestamp': (0.98, 1.1)}];1,0;1,0;1,0;0,25
./audios/SP_DID_250_1263.29923_1284.93461.wav;1263,29923;1284,93461;BOm... sem ser em re/ em relação aos trabalhadores... se a a a fábrica só pode... suspender... as suas a:: a fábrica ou empresa... só pode suspender as suas... atividades... normais... éh::... judicialmente;bom sem ser em re em relação aos trabalhadores se a a a fábrica só pode suspender as suas a a fábrica ou empresa só pode suspender as suas atividades normais eh judicialmente;21,63537999999994;bom se a ser em e em relação aos trabalhadores se a a a a fábrica só pode suspender as suas a fábrica a empresa só pode suspender as suas atividades normais e judicialmente;;[{'text': 'bom', 'timestamp': (0.02, 0.12)}, {'text': 'se', 'timestamp': (0.28, 0.32)}, {'text': 'a', 'timestamp': (0.36, 0.38)}, {'text': 'ser', 'timestamp': (0.5, 0.6)}, {'text': 'em', 'timestamp': (0.64, 0.68)}, {'text': 'e', 'timestamp': (0.74, 0.78)}, {'text': 'em', 'timestamp': (1.02, 1.18)}, {'text': 'relação', 'timestamp': (1.3, 1.6)}, {'text': 'aos', 'timestamp': (1.66, 1.72)}, {'text': 'trabalhadores', 'timestamp': (1.76, 2.4)}, {'text': 'se', 'timestamp': (3.3, 3.34)}, {'text': 'a', 'timestamp': (3.46, 3.48)}, {'text': 'a', 'timestamp': (3.62, 3.64)}, {'text': 'a', 'timestamp': (3.78, 3.8)}, {'text': 'a', 'timestamp': (3.96, 3.98)}, {'text': 'fábrica', 'timestamp': (4.12, 4.5)}, {'text': 'só', 'timestamp': (4.66, 4.72)}, {'text': 'pode', 'timestamp': (4.92, 5.14)}, {'text': 'suspender', 'timestamp': (5.54, 6.16)}, {'text': 'as', 'timestamp': (7.04, 7.12)}, {'text': 'suas', 'timestamp': (7.24, 7.48)}, {'text': 'a', 'timestamp': (7.66, 7.68)}, {'text': 'fábrica', 'timestamp': (8.22, 8.54)}, {'text': 'a', 'timestamp': (8.6, 8.62)}, {'text': 'empresa', 'timestamp': (8.68, 9.02)}, {'text': 'só', 'timestamp': (9.58, 9.64)}, {'text': 'pode', 'timestamp': (9.8, 9.96)}, {'text': 'suspender', 'timestamp': (10.08, 10.58)}, {'text': 'as', 'timestamp': (10.68, 10.74)}, {'text': 'suas', 'timestamp': (10.86, 11.2)}, {'text': 'atividades', 'timestamp': (13.04, 13.78)}, {'text': 'normais', 'timestamp': (15.44, 15.98)}, {'text': 'e', 'timestamp': (17.84, 17.86)}, {'text': 'judicialmente', 'timestamp': (20.18, 21.06)}];0,21212121212121213;0,2;0,30124777183600715;0,05747126436781609
./audios/SP_DID_250_1285.21251_1291.39862.wav;1285,21251;1291,39862;quer dizer... ela tem que requerer concordata... se não for à falência;quer dizer ela tem que requerer concordata se não for à falência;6,186109999999871;quer dizer ela tem que requerer concordado se não for a falência;;[{'text': 'quer', 'timestamp': (0.04, 0.14)}, {'text': 'dizer', 'timestamp': (0.18, 0.4)}, {'text': 'ela', 'timestamp': (1.36, 1.5)}, {'text': 'tem', 'timestamp': (1.64, 1.76)}, {'text': 'que', 'timestamp': (1.84, 1.9)}, {'text': 'requerer', 'timestamp': (2.42, 2.86)}, {'text': 'concordado', 'timestamp': (3.02, 3.74)}, {'text': 'se', 'timestamp': (5.0, 5.06)}, {'text': 'não', 'timestamp': (5.14, 5.24)}, {'text': 'for', 'timestamp': (5.32, 5.44)}, {'text': 'a', 'timestamp': (5.54, 5.56)}, {'text': 'falência', 'timestamp': (5.6, 6.1)}];0,16666666666666666;0,16666666666666666;0,30555555555555547;0,046875
./audios/SP_DID_250_1292.39217_1307.34316.wav;1292,39217;1307,34316;então no caso da concordata... a lei... o código comercial... PREVÊ... as garantias... aos... aos... credores... da fábrica;então no caso da concordata a lei o código comercial prevê as garantias aos aos credores da fábrica;14,95098999999982;então no caso da concordata a lei e o código comercial prevê as garantias aos credores da fábrica;;[{'text': 'então', 'timestamp': (0.08, 0.32)}, {'text': 'no', 'timestamp': (0.46, 0.52)}, {'text': 'caso', 'timestamp': (0.64, 0.84)}, {'text': 'da', 'timestamp': (0.92, 0.98)}, {'text': 'concordata', 'timestamp': (1.08, 1.78)}, {'text': 'a', 'timestamp': (2.62, 2.64)}, {'text': 'lei', 'timestamp': (2.78, 2.94)}, {'text': 'e', 'timestamp': (3.04, 3.06)}, {'text': 'o', 'timestamp': (3.84, 3.86)}, {'text': 'código', 'timestamp': (4.0, 4.3)}, {'text': 'comercial', 'timestamp': (4.42, 4.98)}, {'text': 'prevê', 'timestamp': (5.74, 6.0)}, {'text': 'as', 'timestamp': (6.9, 6.96)}, {'text': 'garantias', 'timestamp': (7.04, 7.68)}, {'text': 'aos', 'timestamp': (8.32, 10.0)}, {'text': 'credores', 'timestamp': (10.9, 11.56)}, {'text': 'da', 'timestamp': (14.26, 14.32)}, {'text': 'fábrica', 'timestamp': (14.42, 14.84)}];0,1111111111111111;0,10526315789473684;0,10802469135802473;0,06060606060606061
./audios/SP_DID_250_1309.42483_1313.44512.wav;1309,42483;1313,44512;E::... o código comercial estabelece toda uma escala de preferências;e o código comercial estabelece toda uma escala de preferências;4,020290000000159;e o código comercial estabelece toda uma escala de preferência;;[{'text': 'e', 'timestamp': (0.06, 0.08)}, {'text': 'o', 'timestamp': (0.84, 0.86)}, {'text': 'código', 'timestamp': (0.94, 1.12)}, {'text': 'comercial', 'timestamp': (1.18, 1.54)}, {'text': 'estabelece', 'timestamp': (1.64, 2.08)}, {'text': 'toda', 'timestamp': (2.18, 2.34)}, {'text': 'uma', 'timestamp': (2.42, 2.5)}, {'text': 'escala', 'timestamp': (2.58, 3.0)}, {'text': 'de', 'timestamp': (3.14, 3.18)}, {'text': 'preferência', 'timestamp': (3.34, 3.96)}];0,1;0,1;0,18999999999999995;0,015873015873015872
./audios/SP_DID_250_1315.41268_1324.30775.wav;1315,41268;1324,30775;quais os credores preferenciais os quirografários por exemplo aqueles que têm título... que representam dívida... que a fábrica deve pagar... e assim por diante;quais os credores preferenciais os quirografários por exemplo aqueles que têm título que representam dívida que a fábrica deve pagar e assim por diante;8,895070000000032;quais os credores preferenciais os quirografários por exemplo aqueles que têm título que representam dívida que a fábrica deve pagar e assim por diante;;[{'text': 'quais', 'timestamp': (0.0, 0.18)}, {'text': 'os', 'timestamp': (0.28, 0.34)}, {'text': 'credores', 'timestamp': (0.38, 0.76)}, {'text': 'preferenciais', 'timestamp': (0.86, 1.6)}, {'text': 'os', 'timestamp': (1.72, 1.76)}, {'text': 'quirografários', 'timestamp': (1.86, 2.54)}, {'text': 'por', 'timestamp': (2.6, 2.68)}, {'text': 'exemplo', 'timestamp': (2.7, 2.9)}, {'text': 'aqueles', 'timestamp': (2.94, 3.18)}, {'text': 'que', 'timestamp': (3.24, 3.3)}, {'text': 'têm', 'timestamp': (3.36, 3.48)}, {'text': 'título', 'timestamp': (3.62, 3.96)}, {'text': 'que', 'timestamp': (4.6, 4.68)}, {'text': 'representam', 'timestamp': (4.78, 5.36)}, {'text': 'dívida', 'timestamp': (5.5, 5.84)}, {'text': 'que', 'timestamp': (6.4, 6.48)}, {'text': 'a', 'timestamp': (6.54, 6.56)}, {'text': 'fábrica', 'timestamp': (6.64, 7.0)}, {'text': 'deve', 'timestamp': (7.1, 7.24)}, {'text': 'pagar', 'timestamp': (7.34, 7.68)}, {'text': 'e', 'timestamp': (8.16, 8.18)}, {'text': 'assim', 'timestamp': (8.24, 8.4)}, {'text': 'por', 'timestamp': (8.5, 8.58)}, {'text': 'diante', 'timestamp': (8.66, 8.84)}];0,0;0,0;0,0;0,0
./audios/SP_DID_250_1325.136_1326.84255.wav;1325,136;1326,84255;ela tem que solver aos seus compromissos;ela tem que solver aos seus compromissos;1,7065500000001066;ela tem que solver os seus compromissos;;[{'text': 'ela', 'timestamp': (0.04, 0.12)}, {'text': 'tem', 'timestamp': (0.18, 0.26)}, {'text': 'que', 'timestamp': (0.3, 0.36)}, {'text': 'solver', 'timestamp': (0.4, 0.66)}, {'text': 'os', 'timestamp': (0.7, 0.74)}, {'text': 'seus', 'timestamp': (0.78, 0.9)}, {'text': 'compromissos', 'timestamp': (0.96, 1.58)}];0,14285714285714285;0,14285714285714285;0,26530612244897966;0,025
./audios/SP_DID_250_1329.23075_1345.14629.wav;1329,23075;1345,14629;ou então... ela pede concordata quer dizer um prazo... com as garantias exigidas por lei para efetuar... o pagamento dos seus débitos... quer dizer das suas dívidas... ou então se não puder fazer isso ela vai à falência... pura e simplesmente;ou então ela pede concordata quer dizer um prazo com as garantias exigidas por lei para efetuar o pagamento dos seus débitos quer dizer das suas dívidas ou então se não puder fazer isso ela vai à falência pura e simplesmente;15,915539999999964;ou então ela pede concordata quer dizer um prazo com as garantias exigidas por lei para efetuar o pagamento dos seus débitos quer dizer das suas dívidas ou então se não puder fazer isso ela vai a falência pura e simplesmente;;[{'text': 'ou', 'timestamp': (0.08, 0.18)}, {'text': 'então', 'timestamp': (0.3, 0.58)}, {'text': 'ela', 'timestamp': (2.5, 2.64)}, {'text': 'pede', 'timestamp': (2.76, 2.94)}, {'text': 'concordata', 'timestamp': (3.04, 3.66)}, {'text': 'quer', 'timestamp': (3.78, 3.88)}, {'text': 'dizer', 'timestamp': (3.94, 4.12)}, {'text': 'um', 'timestamp': (4.3, 4.36)}, {'text': 'prazo', 'timestamp': (4.48, 4.88)}, {'text': 'com', 'timestamp': (5.8, 5.9)}, {'text': 'as', 'timestamp': (5.98, 6.04)}, {'text': 'garantias', 'timestamp': (6.12, 6.6)}, {'text': 'exigidas', 'timestamp': (6.64, 7.16)}, {'text': 'por', 'timestamp': (7.2, 7.3)}, {'text': 'lei', 'timestamp': (7.38, 7.5)}, {'text': 'para', 'timestamp': (7.62, 7.76)}, {'text': 'efetuar', 'timestamp': (7.8, 8.34)}, {'text': 'o', 'timestamp': (8.96, 8.98)}, {'text': 'pagamento', 'timestamp': (9.08, 9.52)}, {'text': 'dos', 'timestamp': (9.62, 9.72)}, {'text': 'seus', 'timestamp': (9.78, 9.94)}, {'text': 'débitos', 'timestamp': (10.02, 10.44)}, {'text': 'quer', 'timestamp': (11.0, 11.08)}, {'text': 'dizer', 'timestamp': (11.12, 11.24)}, {'text': 'das', 'timestamp': (11.34, 11.42)}, {'text': 'suas', 'timestamp': (11.48, 11.66)}, {'text': 'dívidas', 'timestamp': (11.72, 12.06)}, {'text': 'ou', 'timestamp': (12.72, 12.8)}, {'text': 'então', 'timestamp': (12.86, 13.1)}, {'text': 'se', 'timestamp': (13.24, 13.3)}, {'text': 'não', 'timestamp': (13.34, 13.42)}, {'text': 'puder', 'timestamp': (13.5, 13.68)}, {'text': 'fazer', 'timestamp': (13.8, 14.0)}, {'text': 'isso', 'timestamp': (14.08, 14.24)}, {'text': 'ela', 'timestamp': (14.3, 14.38)}, {'text': 'vai', 'timestamp': (14.44, 14.54)}, {'text': 'a', 'timestamp': (14.6, 14.62)}, {'text': 'falência', 'timestamp': (14.68, 15.12)}, {'text': 'pura', 'timestamp': (15.24, 15.38)}, {'text': 'e', 'timestamp': (15.42, 15.44)}, {'text': 'simplesmente', 'timestamp': (15.5, 15.88)}];0,024390243902439025;0,024390243902439025;0,04818560380725767;0,004464285714285714
./audios/SP_DID_250_1346.29634_1348.5517.wav;1346,29634;1348,5517;aí::... uma porção de gente tem prejuízo;aí uma porção de gente tem prejuízo;2,2553599999998823;aí uma pulsão de jeito tem prejuízo;;[{'text': 'aí', 'timestamp': (0.08, 0.2)}, {'text': 'uma', 'timestamp': (0.82, 0.9)}, {'text': 'pulsão', 'timestamp': (0.98, 1.22)}, {'text': 'de', 'timestamp': (1.28, 1.32)}, {'text': 'jeito', 'timestamp': (1.4, 1.54)}, {'text': 'tem', 'timestamp': (1.62, 1.72)}, {'text': 'prejuízo', 'timestamp': (1.8, 2.2)}];0,2857142857142857;0,2857142857142857;0,4897959183673469;0,17142857142857143
./audios/SP_DID_250_1349.85519_1350.69216.wav;1349,85519;1350,69216;e não só a fábrica;e não só a fábrica;0,8369700000000648;não só a fábrica;;[{'text': 'não', 'timestamp': (1.1, 1.2)}, {'text': 'só', 'timestamp': (1.3, 1.36)}, {'text': 'a', 'timestamp': (1.46, 1.48)}, {'text': 'fábrica', 'timestamp': (1.56, 1.9)}];0,2;0,2;0,19999999999999996;0,1111111111111111
./audios/SP_DID_250_1367.42611_1372.51915.wav;1367,42611;1372,51915;bem... o pagamento à vista... exclui... o pagamento de juros;bem o pagamento à vista exclui o pagamento de juros;5,093039999999974;bem o pagamento à vista exclui o pagamento de juros;;[{'text': 'bem', 'timestamp': (0.04, 0.14)}, {'text': 'o', 'timestamp': (0.4, 0.42)}, {'text': 'pagamento', 'timestamp': (0.52, 1.06)}, {'text': 'à', 'timestamp': (1.32, 1.34)}, {'text': 'vista', 'timestamp': (1.5, 1.88)}, {'text': 'exclui', 'timestamp': (2.74, 3.22)}, {'text': 'o', 'timestamp': (3.96, 4.0)}, {'text': 'pagamento', 'timestamp': (4.06, 4.52)}, {'text': 'de', 'timestamp': (4.62, 4.66)}, {'text': 'juros', 'timestamp': (4.8, 5.04)}];0,0;0,0;0,0;0,0
./audios/SP_DID_250_1374.05221_1405.34937.wav;1374,05221;1405,34937;o que encarece... a:::... as transações a prazo... quer dizer aquelas em que... uma parte do pagamento... fica::... para ser satisfeito durante... um certo período... então... a compensação que o credor tem... é essa... de receber... os juros... não é?... sobre aquilo... a importância que ele ficou devendo;o que encarece a as transações a prazo quer dizer aquelas em que uma parte do pagamento fica para ser satisfeito durante um certo período então a compensação que o credor tem é essa de receber os juros não é sobre aquilo a importância que ele ficou devendo;31,29715999999985;o que encarece as transações a prazo quer dizer aquelas em que uma parte do pagamento fica para ser satisfeito durante um certo período então a compensação que o credor tem é essa de receber os juros não é sobre aquilo a importância que ele ficou devendo;;[{'text': 'o', 'timestamp': (0.14, 0.16)}, {'text': 'que', 'timestamp': (0.26, 0.32)}, {'text': 'encarece', 'timestamp': (0.46, 1.04)}, {'text': 'as', 'timestamp': (4.38, 4.44)}, {'text': 'transações', 'timestamp': (4.52, 5.04)}, {'text': 'a', 'timestamp': (5.12, 5.14)}, {'text': 'prazo', 'timestamp': (5.24, 5.58)}, {'text': 'quer', 'timestamp': (6.8, 6.92)}, {'text': 'dizer', 'timestamp': (6.94, 7.08)}, {'text': 'aquelas', 'timestamp': (7.14, 7.56)}, {'text': 'em', 'timestamp': (7.64, 7.7)}, {'text': 'que', 'timestamp': (7.8, 7.86)}, {'text': 'uma', 'timestamp': (8.8, 8.92)}, {'text': 'parte', 'timestamp': (9.14, 9.48)}, {'text': 'do', 'timestamp': (9.66, 9.72)}, {'text': 'pagamento', 'timestamp': (9.8, 10.28)}, {'text': 'fica', 'timestamp': (12.32, 12.62)}, {'text': 'para', 'timestamp': (13.2, 13.34)}, {'text': 'ser', 'timestamp': (13.48, 13.6)}, {'text': 'satisfeito', 'timestamp': (13.7, 14.22)}, {'text': 'durante', 'timestamp': (14.36, 14.68)}, {'text': 'um', 'timestamp': (16.3, 16.34)}, {'text': 'certo', 'timestamp': (16.46, 16.7)}, {'text': 'período', 'timestamp': (16.8, 17.12)}, {'text': 'então', 'timestamp': (18.26, 18.52)}, {'text': 'a', 'timestamp': (20.58, 20.6)}, {'text': 'compensação', 'timestamp': (20.72, 21.48)}, {'text': 'que', 'timestamp': (21.66, 21.72)}, {'text': 'o', 'timestamp': (21.76, 21.78)}, {'text': 'credor', 'timestamp': (21.84, 22.2)}, {'text': 'tem', 'timestamp': (22.36, 22.5)}, {'text': 'é', 'timestamp': (23.44, 23.46)}, {'text': 'essa', 'timestamp': (23.58, 23.86)}, {'text': 'de', 'timestamp': (24.16, 24.22)}, {'text': 'receber', 'timestamp': (24.32, 24.86)}, {'text': 'os', 'timestamp': (25.58, 25.62)}, {'text': 'juros', 'timestamp': (25.68, 26.02)}, {'text': 'não', 'timestamp': (27.14, 27.22)}, {'text': 'é', 'timestamp': (27.28, 27.3)}, {'text': 'sobre', 'timestamp': (28.44, 28.64)}, {'text': 'aquilo', 'timestamp': (28.72, 29.12)}, {'text': 'a', 'timestamp': (29.6, 29.62)}, {'text': 'importância', 'timestamp': (29.68, 30.32)}, {'text': 'que', 'timestamp': (30.44, 30.5)}, {'text': 'ele', 'timestamp': (30.52, 30.64)}, {'text': 'ficou', 'timestamp': (30.68, 30.86)}, {'text': 'devendo', 'timestamp': (30.94, 31.24)}];0,020833333333333332;0,020833333333333332;0,02083333333333337;0,0078125
./audios/SP_DID_250_1406.70012_1419.1123.wav;1406,70012;1419,1123;e esses juros é que encarecem... e encarecem... DESmedidamente... as... a::s... compras... não é?;e esses juros é que encarecem e encarecem desmedidamente as as compras não é;12,412180000000035;e esses juros é que encarecem e encarecem desmedidamente as compras não é;;[{'text': 'e', 'timestamp': (0.2, 0.22)}, {'text': 'esses', 'timestamp': (0.32, 0.52)}, {'text': 'juros', 'timestamp': (0.62, 0.86)}, {'text': 'é', 'timestamp': (0.92, 0.94)}, {'text': 'que', 'timestamp': (1.02, 1.1)}, {'text': 'encarecem', 'timestamp': (1.18, 1.78)}, {'text': 'e', 'timestamp': (2.74, 2.76)}, {'text': 'encarecem', 'timestamp': (2.88, 3.48)}, {'text': 'desmedidamente', 'timestamp': (4.54, 5.56)}, {'text': 'as', 'timestamp': (9.48, 9.56)}, {'text': 'compras', 'timestamp': (9.64, 9.98)}, {'text': 'não', 'timestamp': (11.88, 11.96)}, {'text': 'é', 'timestamp': (12.02, 12.04)}];0,07142857142857142;0,07142857142857142;0,0714285714285714;0,039473684210526314
./audios/SP_DID_250_1419.64266_1424.68168.wav;1419,64266;1424,68168;pagando à vista... a pessoa... fica livre dos juros;pagando à vista a pessoa fica livre dos juros;5,039019999999937;pagando a vista a pessoa fica livre de juros;;[{'text': 'pagando', 'timestamp': (0.04, 0.34)}, {'text': 'a', 'timestamp': (0.42, 0.44)}, {'text': 'vista', 'timestamp': (0.52, 0.84)}, {'text': 'a', 'timestamp': (2.02, 2.04)}, {'text': 'pessoa', 'timestamp': (2.16, 2.68)}, {'text': 'fica', 'timestamp': (3.72, 3.92)}, {'text': 'livre', 'timestamp': (4.06, 4.3)}, {'text': 'de', 'timestamp': (4.38, 4.44)}, {'text': 'juros', 'timestamp': (4.58, 4.86)}];0,2222222222222222;0,2222222222222222;0,3950617283950617;0,06666666666666667
./audios/SP_DID_250_1425.51131_1460.54388.wav;1425,51131;1460,54388;mas há... os bons compradores... quer dizer aqueles que sabem comprar... que ainda discutem... coisa que eu por exemplo não sei fazer muito bem infelizmente para mim... ainda discutem di/ ''muito bem vou pagar à vista... qual é a diferença que o senhor me faz?'' ''como a diferença? o senhor não vai pagar juros?'' ''não não não não não o juro é outra coisa... juro a gente paga por dívida... eu não estou devendo eu vou pagar à vista''... eu quero... uma diferença sobre o preço que está marcado aí quanto é que custa... esse gravador aí?''... ''um milhão''... ''quanto é que o senhor me dá por um milhão à vista?... de diferença?'';mas há os bons compradores quer dizer aqueles que sabem comprar que ainda discutem coisa que eu por exemplo não sei fazer muito bem infelizmente para mim ainda discutem di muito bem vou pagar à vista qual é a diferença que o senhor me faz como a diferença o senhor não vai pagar juros não não não não não o juro é outra coisa juro a gente paga por dívida eu não estou devendo eu vou pagar à vista eu quero uma diferença sobre o preço que está marcado aí quanto é que custa esse gravador aí um milhão quanto é que o senhor me dá por um milhão à vista de diferença;35,03256999999985;mas há os bons compradores quer dizer aqueles que sabem comprar que ainda discutem coisas que eu por exemplo não sei fazer muito bem infelizmente para mim ainda discutem muito bem eu vou pagar a vista qual é a diferença que o seu meu pai como a diferença o senhor não vai pagar juro não juro é outra coisa juro a gente paga por dívida eu não estou devendo eu vou pagar a vista eu quero uma diferença sobre o preço que está marcado a quanto é que custa esse gravador aí um milhão quanto é que só me dá por um milhão à vista de diferença;;[{'text': 'mas', 'timestamp': (0.06, 0.26)}, {'text': 'há', 'timestamp': (0.32, 0.38)}, {'text': 'os', 'timestamp': (1.58, 1.66)}, {'text': 'bons', 'timestamp': (1.76, 1.94)}, {'text': 'compradores', 'timestamp': (2.02, 2.66)}, {'text': 'quer', 'timestamp': (2.8, 2.88)}, {'text': 'dizer', 'timestamp': (2.92, 3.04)}, {'text': 'aqueles', 'timestamp': (3.1, 3.36)}, {'text': 'que', 'timestamp': (3.4, 3.48)}, {'text': 'sabem', 'timestamp': (3.56, 3.76)}, {'text': 'comprar', 'timestamp': (3.86, 4.18)}, {'text': 'que', 'timestamp': (5.08, 5.14)}, {'text': 'ainda', 'timestamp': (5.18, 5.4)}, {'text': 'discutem', 'timestamp': (5.52, 6.08)}, {'text': 'coisas', 'timestamp': (7.1, 7.3)}, {'text': 'que', 'timestamp': (7.4, 7.46)}, {'text': 'eu', 'timestamp': (7.48, 7.56)}, {'text': 'por', 'timestamp': (7.62, 7.7)}, {'text': 'exemplo', 'timestamp': (7.74, 8.0)}, {'text': 'não', 'timestamp': (8.12, 8.2)}, {'text': 'sei', 'timestamp': (8.32, 8.44)}, {'text': 'fazer', 'timestamp': (8.56, 8.82)}, {'text': 'muito', 'timestamp': (8.88, 9.04)}, {'text': 'bem', 'timestamp': (9.12, 9.24)}, {'text': 'infelizmente', 'timestamp': (9.36, 9.92)}, {'text': 'para', 'timestamp': (10.02, 10.12)}, {'text': 'mim', 'timestamp': (10.16, 10.24)}, {'text': 'ainda', 'timestamp': (11.2, 11.4)}, {'text': 'discutem', 'timestamp': (11.52, 11.98)}, {'text': 'muito', 'timestamp': (12.22, 12.36)}, {'text': 'bem', 'timestamp': (12.42, 12.5)}, {'text': 'eu', 'timestamp': (12.54, 12.58)}, {'text': 'vou', 'timestamp': (12.62, 12.7)}, {'text': 'pagar', 'timestamp': (12.76, 12.92)}, {'text': 'a', 'timestamp': (12.98, 13.0)}, {'text': 'vista', 'timestamp': (13.06, 13.3)}, {'text': 'qual', 'timestamp': (13.56, 13.7)}, {'text': 'é', 'timestamp': (13.72, 13.76)}, {'text': 'a', 'timestamp': (13.84, 13.86)}, {'text': 'diferença', 'timestamp': (13.88, 14.26)}, {'text': 'que', 'timestamp': (14.36, 14.42)}, {'text': 'o', 'timestamp': (14.48, 14.5)}, {'text': 'seu', 'timestamp': (14.54, 14.62)}, {'text': 'meu', 'timestamp': (14.64, 14.74)}, {'text': 'pai', 'timestamp': (14.78, 14.88)}, {'text': 'como', 'timestamp': (15.28, 15.4)}, {'text': 'a', 'timestamp': (15.48, 15.5)}, {'text': 'diferença', 'timestamp': (15.54, 15.96)}, {'text': 'o', 'timestamp': (16.0, 16.02)}, {'text': 'senhor', 'timestamp': (16.1, 16.22)}, {'text': 'não', 'timestamp': (16.26, 16.32)}, {'text': 'vai', 'timestamp': (16.34, 16.42)}, {'text': 'pagar', 'timestamp': (16.48, 16.7)}, {'text': 'juro', 'timestamp': (16.76, 16.9)}, {'text': 'não', 'timestamp': (17.44, 17.7)}, {'text': 'juro', 'timestamp': (17.82, 17.94)}, {'text': 'é', 'timestamp': (17.96, 17.98)}, {'text': 'outra', 'timestamp': (18.02, 18.18)}, {'text': 'coisa', 'timestamp': (18.26, 18.54)}, {'text': 'juro', 'timestamp': (20.4, 20.54)}, {'text': 'a', 'timestamp': (20.62, 20.64)}, {'text': 'gente', 'timestamp': (20.66, 20.82)}, {'text': 'paga', 'timestamp': (20.88, 21.06)}, {'text': 'por', 'timestamp': (21.14, 21.22)}, {'text': 'dívida', 'timestamp': (21.3, 21.62)}, {'text': 'eu', 'timestamp': (22.3, 22.34)}, {'text': 'não', 'timestamp': (22.4, 22.46)}, {'text': 'estou', 'timestamp': (22.5, 22.64)}, {'text': 'devendo', 'timestamp': (22.7, 23.0)}, {'text': 'eu', 'timestamp': (23.1, 23.16)}, {'text': 'vou', 'timestamp': (23.2, 23.28)}, {'text': 'pagar', 'timestamp': (23.34, 23.54)}, {'text': 'a', 'timestamp': (23.58, 23.6)}, {'text': 'vista', 'timestamp': (23.66, 23.96)}, {'text': 'eu', 'timestamp': (25.14, 25.2)}, {'text': 'quero', 'timestamp': (25.32, 25.64)}, {'text': 'uma', 'timestamp': (26.1, 26.28)}, {'text': 'diferença', 'timestamp': (26.4, 26.88)}, {'text': 'sobre', 'timestamp': (27.02, 27.2)}, {'text': 'o', 'timestamp': (27.24, 27.26)}, {'text': 'preço', 'timestamp': (27.34, 27.54)}, {'text': 'que', 'timestamp': (27.6, 27.66)}, {'text': 'está', 'timestamp': (27.68, 27.8)}, {'text': 'marcado', 'timestamp': (27.86, 28.16)}, {'text': 'a', 'timestamp': (28.22, 28.24)}, {'text': 'quanto', 'timestamp': (28.4, 28.58)}, {'text': 'é', 'timestamp': (28.64, 28.66)}, {'text': 'que', 'timestamp': (28.72, 28.78)}, {'text': 'custa', 'timestamp': (28.9, 29.2)}, {'text': 'esse', 'timestamp': (29.74, 29.88)}, {'text': 'gravador', 'timestamp': (29.92, 30.34)}, {'text': 'aí', 'timestamp': (30.4, 30.48)}, {'text': 'um', 'timestamp': (31.32, 31.38)}, {'text': 'milhão', 'timestamp': (31.44, 31.72)}, {'text': 'quanto', 'timestamp': (32.14, 32.34)}, {'text': 'é', 'timestamp': (32.4, 32.42)}, {'text': 'que', 'timestamp': (32.44, 32.52)}, {'text': 'só', 'timestamp': (32.56, 32.66)}, {'text': 'me', 'timestamp': (32.74, 32.8)}, {'text': 'dá', 'timestamp': (32.86, 32.92)}, {'text': 'por', 'timestamp': (33.06, 33.14)}, {'text': 'um', 'timestamp': (33.2, 33.24)}, {'text': 'milhão', 'timestamp': (33.3, 33.56)}, {'text': 'à', 'timestamp': (33.64, 33.66)}, {'text': 'vista', 'timestamp': (33.76, 33.96)}, {'text': 'de', 'timestamp': (34.26, 34.32)}, {'text': 'diferença', 'timestamp': (34.38, 34.9)}];0,1504424778761062;0,14912280701754385;0,22181788106856337;0,07651245551601424
./audios/SP_DID_250_1462.59403_1467.04123.wav;1462,59403;1467,04123;e às vezes obtém... tal a premência que eles têm também de vender;e às vezes obtém tal a premência que eles têm também de vender;4,447200000000066;e às vezes o que tem tal a premessa que eles têm também de vender;;[{'text': 'e', 'timestamp': (0.06, 0.08)}, {'text': 'às', 'timestamp': (0.14, 0.2)}, {'text': 'vezes', 'timestamp': (0.26, 0.42)}, {'text': 'o', 'timestamp': (0.46, 0.48)}, {'text': 'que', 'timestamp': (0.54, 0.6)}, {'text': 'tem', 'timestamp': (0.68, 0.76)}, {'text': 'tal', 'timestamp': (2.4, 2.58)}, {'text': 'a', 'timestamp': (2.66, 2.68)}, {'text': 'premessa', 'timestamp': (2.72, 3.1)}, {'text': 'que', 'timestamp': (3.2, 3.26)}, {'text': 'eles', 'timestamp': (3.28, 3.4)}, {'text': 'têm', 'timestamp': (3.48, 3.6)}, {'text': 'também', 'timestamp': (3.7, 3.98)}, {'text': 'de', 'timestamp': (4.04, 4.1)}, {'text': 'vender', 'timestamp': (4.16, 4.4)}];0,3076923076923077;0,26666666666666666;0,3794871794871796;0,16129032258064516
./audios/SP_DID_250_1467.87794_1491.466.wav;1467,87794;1491,466;quer dizer ''não não é juro não... juro paga quem deve eu não vou dever eu vou lhe pagar à vista... eu quero saber isto aqui está etiquetado um milhão de cruzeiros... quero saber que diferença o senhor me dá?''... ''ah:: tal... bom:: então:: cinquenta cruzeiros'' ''não não quero tem um outro ali que me dá cem até logo... e às vezes o cara vai atrás para vender... o homem da loja;quer dizer não não é juro não juro paga quem deve eu não vou dever eu vou lhe pagar à vista eu quero saber isto aqui está etiquetado um milhão de cruzeiros quero saber que diferença o senhor me dá ah tal bom então cinquenta cruzeiros não não quero tem um outro ali que me dá cem até logo e às vezes o cara vai atrás para vender o homem da loja;23,588059999999814;que dizer não não é juro não juro paga quem deve eu não vou dever eu vou lhe pagar a vista eu quero saber está aqui tá etiquetado um milhão de cruzeiros quero saber que diferença some dá então bom dá cinquenta cruzeiros não não quero tem um outro ali que me dá a sete logo e às vezes o cara vai atrás pra vender o homem da loja;;[{'text': 'que', 'timestamp': (0.0, 0.06)}, {'text': 'dizer', 'timestamp': (0.08, 0.18)}, {'text': 'não', 'timestamp': (0.22, 0.36)}, {'text': 'não', 'timestamp': (0.42, 0.5)}, {'text': 'é', 'timestamp': (0.54, 0.56)}, {'text': 'juro', 'timestamp': (0.74, 0.98)}, {'text': 'não', 'timestamp': (1.06, 1.2)}, {'text': 'juro', 'timestamp': (2.18, 2.32)}, {'text': 'paga', 'timestamp': (2.44, 2.64)}, {'text': 'quem', 'timestamp': (2.72, 2.84)}, {'text': 'deve', 'timestamp': (2.92, 3.12)}, {'text': 'eu', 'timestamp': (3.14, 3.2)}, {'text': 'não', 'timestamp': (3.22, 3.3)}, {'text': 'vou', 'timestamp': (3.34, 3.42)}, {'text': 'dever', 'timestamp': (3.46, 3.66)}, {'text': 'eu', 'timestamp': (3.7, 3.74)}, {'text': 'vou', 'timestamp': (3.78, 3.84)}, {'text': 'lhe', 'timestamp': (3.86, 3.92)}, {'text': 'pagar', 'timestamp': (3.98, 4.16)}, {'text': 'a', 'timestamp': (4.2, 4.22)}, {'text': 'vista', 'timestamp': (4.28, 4.56)}, {'text': 'eu', 'timestamp': (5.9, 5.96)}, {'text': 'quero', 'timestamp': (6.02, 6.14)}, {'text': 'saber', 'timestamp': (6.22, 6.4)}, {'text': 'está', 'timestamp': (6.42, 6.6)}, {'text': 'aqui', 'timestamp': (6.68, 6.78)}, {'text': 'tá', 'timestamp': (6.94, 6.98)}, {'text': 'etiquetado', 'timestamp': (7.1, 7.7)}, {'text': 'um', 'timestamp': (7.98, 8.08)}, {'text': 'milhão', 'timestamp': (8.16, 8.38)}, {'text': 'de', 'timestamp': (8.44, 8.48)}, {'text': 'cruzeiros', 'timestamp': (8.56, 9.02)}, {'text': 'quero', 'timestamp': (10.66, 10.78)}, {'text': 'saber', 'timestamp': (10.86, 11.02)}, {'text': 'que', 'timestamp': (11.1, 11.16)}, {'text': 'diferença', 'timestamp': (11.24, 11.58)}, {'text': 'some', 'timestamp': (11.66, 11.9)}, {'text': 'dá', 'timestamp': (11.98, 12.04)}, {'text': 'então', 'timestamp': (13.34, 13.94)}, {'text': 'bom', 'timestamp': (14.44, 14.56)}, {'text': 'dá', 'timestamp': (14.9, 14.96)}, {'text': 'cinquenta', 'timestamp': (15.8, 16.12)}, {'text': 'cruzeiros', 'timestamp': (16.2, 16.5)}, {'text': 'não', 'timestamp': (16.54, 16.64)}, {'text': 'não', 'timestamp': (16.72, 16.82)}, {'text': 'quero', 'timestamp': (16.86, 17.1)}, {'text': 'tem', 'timestamp': (17.2, 17.28)}, {'text': 'um', 'timestamp': (17.34, 17.38)}, {'text': 'outro', 'timestamp': (17.42, 17.56)}, {'text': 'ali', 'timestamp': (17.6, 17.68)}, {'text': 'que', 'timestamp': (17.76, 17.82)}, {'text': 'me', 'timestamp': (17.86, 17.92)}, {'text': 'dá', 'timestamp': (17.94, 18.0)}, {'text': 'a', 'timestamp': (18.06, 18.08)}, {'text': 'sete', 'timestamp': (18.16, 18.48)}, {'text': 'logo', 'timestamp': (18.56, 18.76)}, {'text': 'e', 'timestamp': (19.5, 19.52)}, {'text': 'às', 'timestamp': (19.56, 19.62)}, {'text': 'vezes', 'timestamp': (19.64, 19.78)}, {'text': 'o', 'timestamp': (19.84, 19.86)}, {'text': 'cara', 'timestamp': (19.92, 20.08)}, {'text': 'vai', 'timestamp': (20.14, 20.24)}, {'text': 'atrás', 'timestamp': (20.3, 20.54)}, {'text': 'pra', 'timestamp': (20.6, 20.68)}, {'text': 'vender', 'timestamp': (20.74, 20.98)}, {'text': 'o', 'timestamp': (22.86, 22.88)}, {'text': 'homem', 'timestamp': (22.92, 23.1)}, {'text': 'da', 'timestamp': (23.18, 23.24)}, {'text': 'loja', 'timestamp': (23.32, 23.54)}];0,18055555555555555;0,18055555555555555;0,2993156199677939;0,08746355685131195
./audios/SP_DID_250_1504.06851_1511.60552.wav;1504,06851;1511,60552;guardar o dinheiro no banco... é a coisa mais fácil... desde que se tenha o dinheiro a ser guardado;guardar o dinheiro no banco é a coisa mais fácil desde que se tenha o dinheiro a ser guardado;7,537010000000009;guardar dinheiro no banco é a coisa mais fácil desde que se tenha o dinheiro a ser guardado;;[{'text': 'guardar', 'timestamp': (0.06, 0.44)}, {'text': 'dinheiro', 'timestamp': (0.56, 0.82)}, {'text': 'no', 'timestamp': (0.88, 0.94)}, {'text': 'banco', 'timestamp': (1.02, 1.28)}, {'text': 'é', 'timestamp': (2.1, 2.12)}, {'text': 'a', 'timestamp': (2.2, 2.24)}, {'text': 'coisa', 'timestamp': (2.3, 2.52)}, {'text': 'mais', 'timestamp': (2.64, 2.8)}, {'text': 'fácil', 'timestamp': (2.98, 3.44)}, {'text': 'desde', 'timestamp': (4.32, 4.68)}, {'text': 'que', 'timestamp': (4.84, 4.92)}, {'text': 'se', 'timestamp': (5.58, 5.64)}, {'text': 'tenha', 'timestamp': (5.86, 6.16)}, {'text': 'o', 'timestamp': (6.28, 6.3)}, {'text': 'dinheiro', 'timestamp': (6.4, 6.74)}, {'text': 'a', 'timestamp': (6.82, 6.84)}, {'text': 'ser', 'timestamp': (6.92, 7.04)}, {'text': 'guardado', 'timestamp': (7.12, 7.48)}];0,05263157894736842;0,05263157894736842;0,052631578947368474;0,021505376344086023
./audios/SP_DID_250_1514.1316_1518.63894.wav;1514,1316;1518,63894;claro... se houver sobra... o banco aceita... de muito bom grado;claro se houver sobra o banco aceita de muito bom grado;4,507340000000113;claro se houver sobra o banco aceita de muito bom grado;;[{'text': 'claro', 'timestamp': (0.06, 0.34)}, {'text': 'se', 'timestamp': (0.52, 0.58)}, {'text': 'houver', 'timestamp': (0.64, 0.88)}, {'text': 'sobra', 'timestamp': (1.04, 1.4)}, {'text': 'o', 'timestamp': (1.88, 1.9)}, {'text': 'banco', 'timestamp': (2.0, 2.22)}, {'text': 'aceita', 'timestamp': (2.32, 2.84)}, {'text': 'de', 'timestamp': (3.2, 3.26)}, {'text': 'muito', 'timestamp': (3.46, 3.74)}, {'text': 'bom', 'timestamp': (3.86, 3.98)}, {'text': 'grado', 'timestamp': (4.08, 4.36)}];0,0;0,0;0,0;0,0
./audios/SP_DID_250_1520.21146_1523.66613.wav;1520,21146;1523,66613;o banco vive muito em função dos dePÓsitos bancários;o banco vive muito em função dos depósitos bancários;3,4546700000000783;o banco vive muito em função dos depósitos bancários;;[{'text': 'o', 'timestamp': (0.08, 0.1)}, {'text': 'banco', 'timestamp': (0.2, 0.44)}, {'text': 'vive', 'timestamp': (0.58, 0.78)}, {'text': 'muito', 'timestamp': (0.9, 1.08)}, {'text': 'em', 'timestamp': (1.2, 1.24)}, {'text': 'função', 'timestamp': (1.32, 1.64)}, {'text': 'dos', 'timestamp': (1.8, 1.94)}, {'text': 'depósitos', 'timestamp': (2.06, 2.9)}, {'text': 'bancários', 'timestamp': (2.98, 3.42)}];0,0;0,0;0,0;0,0
./audios/SP_DID_250_1524.06635_1538.81146.wav;1524,06635;1538,81146;e como a gente não pode ficar como a velha figura do mineiro... os meus amigos mineiros que me desculpem... a ausência... guardar dinheiro embaixo do colchão... ou dentro do do do pano do colchão... então tem que guardar em algum lugar;e como a gente não pode ficar como a velha figura do mineiro os meus amigos mineiros que me desculpem a ausência guardar dinheiro embaixo do colchão ou dentro do do do pano do colchão então tem que guardar em algum lugar;14,74510999999984;e como a gente não pode ficar com a velha figura do mineiro os meus amigos mineiros que me discutem a ausência guardarem ele embaixo do colchão ou dentro do pano do colchão então tem que guardar o lugar;;[{'text': 'e', 'timestamp': (0.24, 0.26)}, {'text': 'como', 'timestamp': (0.36, 0.5)}, {'text': 'a', 'timestamp': (0.54, 0.56)}, {'text': 'gente', 'timestamp': (0.62, 0.78)}, {'text': 'não', 'timestamp': (0.86, 0.92)}, {'text': 'pode', 'timestamp': (1.02, 1.2)}, {'text': 'ficar', 'timestamp': (1.28, 1.54)}, {'text': 'com', 'timestamp': (1.62, 1.72)}, {'text': 'a', 'timestamp': (1.8, 1.82)}, {'text': 'velha', 'timestamp': (1.9, 2.08)}, {'text': 'figura', 'timestamp': (2.18, 2.48)}, {'text': 'do', 'timestamp': (2.54, 2.6)}, {'text': 'mineiro', 'timestamp': (2.68, 3.02)}, {'text': 'os', 'timestamp': (3.94, 4.0)}, {'text': 'meus', 'timestamp': (4.06, 4.2)}, {'text': 'amigos', 'timestamp': (4.28, 4.58)}, {'text': 'mineiros', 'timestamp': (4.7, 5.02)}, {'text': 'que', 'timestamp': (5.1, 5.18)}, {'text': 'me', 'timestamp': (5.24, 5.3)}, {'text': 'discutem', 'timestamp': (5.36, 5.92)}, {'text': 'a', 'timestamp': (6.34, 6.36)}, {'text': 'ausência', 'timestamp': (6.46, 7.0)}, {'text': 'guardarem', 'timestamp': (8.1, 8.68)}, {'text': 'ele', 'timestamp': (8.8, 8.92)}, {'text': 'embaixo', 'timestamp': (8.96, 9.26)}, {'text': 'do', 'timestamp': (9.32, 9.38)}, {'text': 'colchão', 'timestamp': (9.46, 9.92)}, {'text': 'ou', 'timestamp': (11.04, 11.12)}, {'text': 'dentro', 'timestamp': (11.24, 11.52)}, {'text': 'do', 'timestamp': (12.04, 12.22)}, {'text': 'pano', 'timestamp': (12.34, 12.52)}, {'text': 'do', 'timestamp': (12.58, 12.64)}, {'text': 'colchão', 'timestamp': (12.72, 13.02)}, {'text': 'então', 'timestamp': (13.42, 13.62)}, {'text': 'tem', 'timestamp': (13.74, 13.82)}, {'text': 'que', 'timestamp': (13.86, 13.94)}, {'text': 'guardar', 'timestamp': (13.98, 14.24)}, {'text': 'o', 'timestamp': (14.36, 14.38)}, {'text': 'lugar', 'timestamp': (14.48, 14.68)}];0,19047619047619047;0,19047619047619047;0,2942612942612942;0,11818181818181818
./audios/SP_DID_250_1538.81146_1539.60347.wav;1538,81146;1539,60347;guarda no banco;guarda no banco;0,7920100000001185;a guarda no banco;;[{'text': 'a', 'timestamp': (0.98, 1.0)}, {'text': 'guarda', 'timestamp': (1.06, 1.34)}, {'text': 'no', 'timestamp': (1.4, 1.46)}, {'text': 'banco', 'timestamp': (1.54, 1.78)}];0,3333333333333333;0,25;0,25;0,13333333333333333
./audios/SP_DID_250_1539.9904_1546.02997.wav;1539,9904;1546,02997;ora... hoje... todo mundo sabe que os bancos não pagam mais juros por depósitos;ora hoje todo mundo sabe que os bancos não pagam mais juros por depósitos;6,03957000000014;ora hoje todo mundo sabe que os bancos não pagam mais juros por depósito;;[{'text': 'ora', 'timestamp': (0.1, 0.2)}, {'text': 'hoje', 'timestamp': (0.88, 1.14)}, {'text': 'todo', 'timestamp': (1.88, 2.02)}, {'text': 'mundo', 'timestamp': (2.1, 2.26)}, {'text': 'sabe', 'timestamp': (2.44, 2.66)}, {'text': 'que', 'timestamp': (2.86, 2.94)}, {'text': 'os', 'timestamp': (3.0, 3.06)}, {'text': 'bancos', 'timestamp': (3.14, 3.46)}, {'text': 'não', 'timestamp': (3.54, 3.62)}, {'text': 'pagam', 'timestamp': (3.76, 4.12)}, {'text': 'mais', 'timestamp': (4.24, 4.58)}, {'text': 'juros', 'timestamp': (4.74, 5.12)}, {'text': 'por', 'timestamp': (5.32, 5.42)}, {'text': 'depósito', 'timestamp': (5.5, 5.98)}];0,07142857142857142;0,07142857142857142;0,1377551020408163;0,0136986301369863
./audios/SP_DID_250_1547.65733_1549.41881.wav;1547,65733;1549,41881;há alguns anos atrás pagavam;há alguns anos atrás pagavam;1,7614799999998922;há alguns anos atrás pagavam;;[{'text': 'há', 'timestamp': (0.1, 0.16)}, {'text': 'alguns', 'timestamp': (0.22, 0.5)}, {'text': 'anos', 'timestamp': (0.56, 0.72)}, {'text': 'atrás', 'timestamp': (0.8, 1.1)}, {'text': 'pagavam', 'timestamp': (1.2, 1.56)}];0,0;0,0;0,0;0,0
./audios/SP_DID_250_1549.98405_1552.00529.wav;1549,98405;1552,00529;hoje... não pagam mais;hoje não pagam mais;2,0212400000000343;hoje não pagam mais;;[{'text': 'hoje', 'timestamp': (0.12, 0.4)}, {'text': 'não', 'timestamp': (1.16, 1.24)}, {'text': 'pagam', 'timestamp': (1.34, 1.62)}, {'text': 'mais', 'timestamp': (1.68, 1.94)}];0,0;0,0;0,0;0,0
./audios/SP_DID_250_1552.19358_1553.22917.wav;1552,19358;1553,22917;a lei permite isso;a lei permite isso;1,0355899999999565;a lei para muito;;[{'text': 'a', 'timestamp': (0.1, 0.12)}, {'text': 'lei', 'timestamp': (0.16, 0.3)}, {'text': 'para', 'timestamp': (0.38, 0.5)}, {'text': 'muito', 'timestamp': (0.56, 1.0)}];0,5;0,5;0,75;0,4444444444444444
./audios/SP_DID_250_1554.26476_1556.06121.wav;1554,26476;1556,06121;então é a coisa mais simples do mundo;então é a coisa mais simples do mundo;1,7964500000000498;então a coisa mais simples do mundo;;[{'text': 'então', 'timestamp': (0.06, 0.34)}, {'text': 'a', 'timestamp': (0.64, 0.66)}, {'text': 'coisa', 'timestamp': (0.72, 0.92)}, {'text': 'mais', 'timestamp': (0.98, 1.1)}, {'text': 'simples', 'timestamp': (1.18, 1.38)}, {'text': 'do', 'timestamp': (1.46, 1.5)}, {'text': 'mundo', 'timestamp': (1.56, 1.7)}];0,125;0,125;0,125;0,05405405405405406
./audios/SP_DID_250_1557.79616_1561.07961.wav;1557,79616;1561,07961;não é preciso... para guardar dinheiro no banco não precisa apresentação;não é preciso para guardar dinheiro no banco não precisa apresentação;3,2834499999999025;não é preciso pra guardar dinheiro no banco e não precisa apresentação;;[{'text': 'não', 'timestamp': (0.06, 0.14)}, {'text': 'é', 'timestamp': (0.18, 0.2)}, {'text': 'preciso', 'timestamp': (0.28, 0.6)}, {'text': 'pra', 'timestamp': (0.88, 0.96)}, {'text': 'guardar', 'timestamp': (1.04, 1.36)}, {'text': 'dinheiro', 'timestamp': (1.46, 1.68)}, {'text': 'no', 'timestamp': (1.74, 1.82)}, {'text': 'banco', 'timestamp': (1.88, 2.06)}, {'text': 'e', 'timestamp': (2.08, 2.1)}, {'text': 'não', 'timestamp': (2.14, 2.22)}, {'text': 'precisa', 'timestamp': (2.26, 2.42)}, {'text': 'apresentação', 'timestamp': (2.44, 3.16)}];0,18181818181818182;0,16666666666666666;0,24242424242424243;0,043478260869565216
./audios/SP_DID_250_1562.35847_1565.01342.wav;1562,35847;1565,01342;para pedir emprestado ao banco precisa avalista;para pedir emprestado ao banco precisa avalista;2,654950000000099;pra pedir para o estado o banco precisa avalista;;[{'text': 'pra', 'timestamp': (0.0, 0.1)}, {'text': 'pedir', 'timestamp': (0.2, 0.44)}, {'text': 'para', 'timestamp': (0.56, 0.64)}, {'text': 'o', 'timestamp': (0.66, 0.68)}, {'text': 'estado', 'timestamp': (0.74, 1.0)}, {'text': 'o', 'timestamp': (1.08, 1.1)}, {'text': 'banco', 'timestamp': (1.18, 1.38)}, {'text': 'precisa', 'timestamp': (1.5, 1.86)}, {'text': 'avalista', 'timestamp': (1.98, 2.5)}];0,7142857142857143;0,5555555555555556;0,746031746031746;0,19148936170212766
./audios/SP_DID_250_1566.7444_1573.81629.wav;1566,7444;1573,81629;quem pede emprestado precisa de um... que assine também... a promissória nas costas... avalizando;quem pede emprestado precisa de um que assine também a promissória nas costas avalizando;7,071889999999939;quem pega emprestado precisa de um que assine também a promissória nas costas avalizando;;[{'text': 'quem', 'timestamp': (0.0, 0.14)}, {'text': 'pega', 'timestamp': (0.22, 0.38)}, {'text': 'emprestado', 'timestamp': (0.46, 0.92)}, {'text': 'precisa', 'timestamp': (1.04, 1.44)}, {'text': 'de', 'timestamp': (1.58, 1.62)}, {'text': 'um', 'timestamp': (1.68, 1.74)}, {'text': 'que', 'timestamp': (2.82, 2.88)}, {'text': 'assine', 'timestamp': (2.98, 3.36)}, {'text': 'também', 'timestamp': (3.5, 3.82)}, {'text': 'a', 'timestamp': (4.24, 4.26)}, {'text': 'promissória', 'timestamp': (4.36, 4.92)}, {'text': 'nas', 'timestamp': (5.0, 5.12)}, {'text': 'costas', 'timestamp': (5.22, 5.6)}, {'text': 'avalizando', 'timestamp': (6.12, 6.9)}];0,07142857142857142;0,07142857142857142;0,1377551020408163;0,022727272727272728
./audios/SP_DID_250_1574.54576_1577.20248.wav;1574,54576;1577,20248;quer dizer responsabilizando-se também pelo pagamento;quer dizer responsabilizandose também pelo pagamento;2,6567199999999502;quer dizer responsabilizando-se também pelo pagamento;;[{'text': 'quer', 'timestamp': (0.0, 0.1)}, {'text': 'dizer', 'timestamp': (0.12, 0.22)}, {'text': 'responsabilizando-se', 'timestamp': (0.32, 1.36)}, {'text': 'também', 'timestamp': (1.48, 1.7)}, {'text': 'pelo', 'timestamp': (1.82, 1.96)}, {'text': 'pagamento', 'timestamp': (2.02, 2.5)}];0,16666666666666666;0,16666666666666666;0,30555555555555547;0,019230769230769232
./audios/SP_DID_250_1578.64258_1581.71586.wav;1578,64258;1581,71586;e além disso... SER depositante do banco;e além disso ser depositante do banco;3,073280000000068;e além disso ser depositante do humano;;[{'text': 'e', 'timestamp': (0.08, 0.1)}, {'text': 'além', 'timestamp': (0.18, 0.36)}, {'text': 'disso', 'timestamp': (0.46, 0.74)}, {'text': 'ser', 'timestamp': (1.5, 1.84)}, {'text': 'depositante', 'timestamp': (2.04, 2.68)}, {'text': 'do', 'timestamp': (2.8, 2.84)}, {'text': 'humano', 'timestamp': (2.86, 3.04)}];0,14285714285714285;0,14285714285714285;0,26530612244897966;0,10810810810810811
./audios/SP_DID_250_1583.82328_1602.28663.wav;1583,82328;1602,28663;ter um saldo médio qualquer de depósito durante... durante:: o ano... não é? durante::: o tempo em que ele for depositante do banco... e que... dê ao banco uma certa garantia... de solvabilidade quer dizer que o sujeito vai pagar mesmo;ter um saldo médio qualquer de depósito durante durante o ano não é durante o tempo em que ele for depositante do banco e que dê ao banco uma certa garantia de solvabilidade quer dizer que o sujeito vai pagar mesmo;18,46334999999999;ter um saldo médio qualquer de depósito durante durante o ano não é durante o tempo em que ele for depositado do banco e que dê ao banco uma certa garantia de solvabilidade acho que o ceivi pagar mesmo;;[{'text': 'ter', 'timestamp': (0.04, 0.18)}, {'text': 'um', 'timestamp': (0.24, 0.28)}, {'text': 'saldo', 'timestamp': (0.42, 0.72)}, {'text': 'médio', 'timestamp': (0.82, 1.12)}, {'text': 'qualquer', 'timestamp': (1.26, 1.74)}, {'text': 'de', 'timestamp': (1.84, 1.88)}, {'text': 'depósito', 'timestamp': (1.96, 2.4)}, {'text': 'durante', 'timestamp': (2.54, 2.78)}, {'text': 'durante', 'timestamp': (3.68, 4.06)}, {'text': 'o', 'timestamp': (5.32, 5.34)}, {'text': 'ano', 'timestamp': (5.44, 5.68)}, {'text': 'não', 'timestamp': (6.66, 6.72)}, {'text': 'é', 'timestamp': (6.78, 6.8)}, {'text': 'durante', 'timestamp': (6.98, 7.32)}, {'text': 'o', 'timestamp': (8.36, 8.38)}, {'text': 'tempo', 'timestamp': (8.52, 8.76)}, {'text': 'em', 'timestamp': (8.84, 8.88)}, {'text': 'que', 'timestamp': (8.94, 9.02)}, {'text': 'ele', 'timestamp': (9.04, 9.12)}, {'text': 'for', 'timestamp': (9.2, 9.32)}, {'text': 'depositado', 'timestamp': (9.38, 9.88)}, {'text': 'do', 'timestamp': (9.96, 10.0)}, {'text': 'banco', 'timestamp': (10.04, 10.2)}, {'text': 'e', 'timestamp': (10.84, 10.86)}, {'text': 'que', 'timestamp': (11.02, 11.08)}, {'text': 'dê', 'timestamp': (12.48, 12.54)}, {'text': 'ao', 'timestamp': (12.88, 12.96)}, {'text': 'banco', 'timestamp': (13.08, 13.42)}, {'text': 'uma', 'timestamp': (13.64, 13.76)}, {'text': 'certa', 'timestamp': (14.02, 14.38)}, {'text': 'garantia', 'timestamp': (14.52, 15.18)}, {'text': 'de', 'timestamp': (15.92, 15.96)}, {'text': 'solvabilidade', 'timestamp': (16.14, 16.92)}, {'text': 'acho', 'timestamp': (17.02, 17.28)}, {'text': 'que', 'timestamp': (17.3, 17.36)}, {'text': 'o', 'timestamp': (17.4, 17.42)}, {'text': 'ceivi', 'timestamp': (17.46, 17.74)}, {'text': 'pagar', 'timestamp': (17.84, 18.1)}, {'text': 'mesmo', 'timestamp': (18.2, 18.4)}];0,12195121951219512;0,12195121951219512;0,18949343339587232;0,09345794392523364
./audios/SP_DID_250_1602.89499_1611.87295.wav;1602,89499;1611,87295;agora depositar guardar no banco é facílimo... chega lá abre uma conta ''ah pois não''... o gerente atende e fala ''ah pois não ah faz favor sente-se aqui'' tal e coisa... assina umas fichinhas;agora depositar guardar no banco é facílimo chega lá abre uma conta ah pois não o gerente atende e fala ah pois não ah faz favor sentese aqui tal e coisa assina umas fichinhas;8,977959999999939;agora deposito guardar o bandafacíribo chega abre uma conta não o gerente atento opinão por favor sente-se aqui tá licor assina umas fichinhas;;[{'text': 'agora', 'timestamp': (0.06, 0.26)}, {'text': 'deposito', 'timestamp': (0.32, 0.82)}, {'text': 'guardar', 'timestamp': (0.86, 1.1)}, {'text': 'o', 'timestamp': (1.18, 1.2)}, {'text': 'bandafacíribo', 'timestamp': (1.22, 1.92)}, {'text': 'chega', 'timestamp': (2.16, 2.34)}, {'text': 'abre', 'timestamp': (2.5, 2.62)}, {'text': 'uma', 'timestamp': (2.68, 2.76)}, {'text': 'conta', 'timestamp': (2.86, 3.08)}, {'text': 'não', 'timestamp': (3.36, 3.68)}, {'text': 'o', 'timestamp': (4.42, 4.44)}, {'text': 'gerente', 'timestamp': (4.5, 4.74)}, {'text': 'atento', 'timestamp': (4.8, 5.0)}, {'text': 'opinão', 'timestamp': (5.06, 5.48)}, {'text': 'por', 'timestamp': (5.74, 5.84)}, {'text': 'favor', 'timestamp': (5.9, 6.14)}, {'text': 'sente-se', 'timestamp': (6.28, 6.54)}, {'text': 'aqui', 'timestamp': (6.6, 6.7)}, {'text': 'tá', 'timestamp': (6.96, 7.0)}, {'text': 'licor', 'timestamp': (7.06, 7.3)}, {'text': 'assina', 'timestamp': (7.7, 7.96)}, {'text': 'umas', 'timestamp': (8.04, 8.16)}, {'text': 'fichinhas', 'timestamp': (8.22, 8.74)}];0,5882352941176471;0,5882352941176471;0,7493606138107417;0,2857142857142857
./audios/SP_DID_250_1635.2797_1636.06921.wav;1635,2797;1636,06921;simplesmente isso;simplesmente isso;0,7895100000000639;simplesmente ir;;[{'text': 'simplesmente', 'timestamp': (0.96, 1.44)}, {'text': 'ir', 'timestamp': (1.56, 1.64)}];0,5;0,5;0,75;0,17647058823529413
./audios/SP_DID_250_1638.54349_1646.44135.wav;1638,54349;1646,44135;satisfeitas as exigências do cadastro bancário quer dizer que fica uma ficha de informações do cidadão lá... éh::: é entrar com dinheiro;satisfeitas as exigências do cadastro bancário quer dizer que fica uma ficha de informações do cidadão lá eh é entrar com dinheiro;7,897860000000037;satisfeitos estes do cadastro bancário quer dizer fica uma ficha de informações de o cidadão lá entrar com dinheiro;;[{'text': 'satisfeitos', 'timestamp': (0.04, 0.64)}, {'text': 'estes', 'timestamp': (0.68, 0.84)}, {'text': 'do', 'timestamp': (0.9, 0.96)}, {'text': 'cadastro', 'timestamp': (1.02, 1.34)}, {'text': 'bancário', 'timestamp': (1.42, 1.78)}, {'text': 'quer', 'timestamp': (1.84, 1.92)}, {'text': 'dizer', 'timestamp': (1.94, 2.08)}, {'text': 'fica', 'timestamp': (2.2, 2.36)}, {'text': 'uma', 'timestamp': (2.42, 2.5)}, {'text': 'ficha', 'timestamp': (2.58, 2.76)}, {'text': 'de', 'timestamp': (2.8, 2.86)}, {'text': 'informações', 'timestamp': (2.9, 3.4)}, {'text': 'de', 'timestamp': (3.44, 3.5)}, {'text': 'o', 'timestamp': (3.52, 3.54)}, {'text': 'cidadão', 'timestamp': (3.62, 3.98)}, {'text': 'lá', 'timestamp': (4.06, 4.12)}, {'text': 'entrar', 'timestamp': (6.98, 7.18)}, {'text': 'com', 'timestamp': (7.28, 7.36)}, {'text': 'dinheiro', 'timestamp': (7.42, 7.74)}];0,36363636363636365;0,34782608695652173;0,46172248803827753;0,16923076923076924
./audios/SP_DID_250_1648.16645_1650.96627.wav;1648,16645;1650,96627;e o banco aceita agradável/... QUANdo tem;e o banco aceita agradável quando tem;2,7998199999999542;e o banco aceita agradavel quando tem;;[{'text': 'e', 'timestamp': (0.04, 0.06)}, {'text': 'o', 'timestamp': (0.08, 0.1)}, {'text': 'banco', 'timestamp': (0.16, 0.34)}, {'text': 'aceita', 'timestamp': (0.46, 0.96)}, {'text': 'agradavel', 'timestamp': (1.06, 1.4)}, {'text': 'quando', 'timestamp': (1.8, 2.3)}, {'text': 'tem', 'timestamp': (2.46, 2.6)}];0,14285714285714285;0,14285714285714285;0,26530612244897966;0,02702702702702703
./audios/SP_DID_250_1665.70041_1672.54314.wav;1665,70041;1672,54314;antes disso eu quero dizer uma coisa eu estou ficando tão entusiasmado com estas perguntas... que eu fico até com vontade de ser banqueiro;antes disso eu quero dizer uma coisa eu estou ficando tão entusiasmado com estas perguntas que eu fico até com vontade de ser banqueiro;6,842730000000074;antes disso eu quero dizer uma coisa eu estou ficando tão entusiasmado com essas perguntas que ficam até com vontade de ser banquete;;[{'text': 'antes', 'timestamp': (0.22, 0.48)}, {'text': 'disso', 'timestamp': (0.56, 0.76)}, {'text': 'eu', 'timestamp': (0.84, 0.9)}, {'text': 'quero', 'timestamp': (0.94, 1.1)}, {'text': 'dizer', 'timestamp': (1.16, 1.3)}, {'text': 'uma', 'timestamp': (1.36, 1.42)}, {'text': 'coisa', 'timestamp': (1.5, 1.7)}, {'text': 'eu', 'timestamp': (1.76, 1.88)}, {'text': 'estou', 'timestamp': (1.92, 2.04)}, {'text': 'ficando', 'timestamp': (2.08, 2.28)}, {'text': 'tão', 'timestamp': (2.38, 2.48)}, {'text': 'entusiasmado', 'timestamp': (2.56, 3.2)}, {'text': 'com', 'timestamp': (3.28, 3.36)}, {'text': 'essas', 'timestamp': (3.42, 3.62)}, {'text': 'perguntas', 'timestamp': (3.72, 4.2)}, {'text': 'que', 'timestamp': (4.66, 4.74)}, {'text': 'ficam', 'timestamp': (4.84, 5.02)}, {'text': 'até', 'timestamp': (5.08, 5.2)}, {'text': 'com', 'timestamp': (5.3, 5.5)}, {'text': 'vontade', 'timestamp': (5.58, 5.98)}, {'text': 'de', 'timestamp': (6.04, 6.1)}, {'text': 'ser', 'timestamp': (6.16, 6.28)}, {'text': 'banquete', 'timestamp': (6.38, 6.8)}];0,16666666666666666;0,16666666666666666;0,2753623188405797;0,06666666666666667
./audios/SP_DID_250_1678.32406_1679.47661.wav;1678,32406;1679,47661;para esta profissão;para esta profissão;1,1525500000000193;para esta profissão;;[{'text': 'para', 'timestamp': (0.04, 0.18)}, {'text': 'esta', 'timestamp': (0.26, 0.46)}, {'text': 'profissão', 'timestamp': (0.54, 1.06)}];0,0;0,0;0,0;0,0
./audios/SP_DID_250_1679.90525_1683.34676.wav;1679,90525;1683,34676;bom... a vantagem de abrir uma conta bancária;bom a vantagem de abrir uma conta bancária;3,44150999999988;bom a vantagem é abrir uma conta bancária;;[{'text': 'bom', 'timestamp': (0.06, 0.18)}, {'text': 'a', 'timestamp': (1.42, 1.44)}, {'text': 'vantagem', 'timestamp': (1.52, 1.96)}, {'text': 'é', 'timestamp': (2.08, 2.1)}, {'text': 'abrir', 'timestamp': (2.22, 2.4)}, {'text': 'uma', 'timestamp': (2.46, 2.56)}, {'text': 'conta', 'timestamp': (2.64, 2.84)}, {'text': 'bancária', 'timestamp': (2.92, 3.36)}];0,125;0,125;0,234375;0,047619047619047616
./audios/SP_DID_250_1684.24977_1692.93113.wav;1684,24977;1692,93113;primeiro é um lugar... onde... o indivíduo... pode guardar o seu dinheiro... dormindo sossegado;primeiro é um lugar onde o indivíduo pode guardar o seu dinheiro dormindo sossegado;8,68136000000004;primeiro é o lugar onde o indivíduo pode guardar o seu dinheiro dormindo sossegado;;[{'text': 'primeiro', 'timestamp': (0.04, 0.38)}, {'text': 'é', 'timestamp': (0.58, 0.6)}, {'text': 'o', 'timestamp': (0.68, 0.7)}, {'text': 'lugar', 'timestamp': (0.78, 1.1)}, {'text': 'onde', 'timestamp': (1.46, 1.66)}, {'text': 'o', 'timestamp': (2.62, 2.64)}, {'text': 'indivíduo', 'timestamp': (2.74, 3.26)}, {'text': 'pode', 'timestamp': (4.82, 5.04)}, {'text': 'guardar', 'timestamp': (5.16, 5.62)}, {'text': 'o', 'timestamp': (6.06, 6.08)}, {'text': 'seu', 'timestamp': (6.2, 6.34)}, {'text': 'dinheiro', 'timestamp': (6.42, 6.8)}, {'text': 'dormindo', 'timestamp': (7.58, 7.98)}, {'text': 'sossegado', 'timestamp': (8.12, 8.6)}];0,07142857142857142;0,07142857142857142;0,1377551020408163;0,024096385542168676
./audios/SP_DID_250_1694.47849_1695.66324.wav;1694,47849;1695,66324;em vez de deixar na gaveta;em vez de deixar na gaveta;1,1847500000001219;e desde deixar nada ver;;[{'text': 'e', 'timestamp': (0.1, 0.12)}, {'text': 'desde', 'timestamp': (0.14, 0.32)}, {'text': 'deixar', 'timestamp': (0.4, 0.64)}, {'text': 'nada', 'timestamp': (0.72, 0.9)}, {'text': 'ver', 'timestamp': (1.02, 1.12)}];0,8333333333333334;0,8333333333333334;0,9666666666666667;0,34615384615384615
./audios/SP_DID_250_1700.00495_1706.97567.wav;1700,00495;1706,97567;por outro lado... e SE ele vier a precisar... de um empréstimo;por outro lado e se ele vier a precisar de um empréstimo;6,9707200000000284;por outro lado se ele vier a precisar de um empréstimo;;[{'text': 'por', 'timestamp': (0.06, 0.14)}, {'text': 'outro', 'timestamp': (0.2, 0.42)}, {'text': 'lado', 'timestamp': (0.52, 0.78)}, {'text': 'se', 'timestamp': (2.5, 2.54)}, {'text': 'ele', 'timestamp': (2.9, 3.06)}, {'text': 'vier', 'timestamp': (3.18, 3.46)}, {'text': 'a', 'timestamp': (3.74, 3.76)}, {'text': 'precisar', 'timestamp': (3.9, 4.48)}, {'text': 'de', 'timestamp': (5.96, 6.02)}, {'text': 'um', 'timestamp': (6.08, 6.12)}, {'text': 'empréstimo', 'timestamp': (6.2, 6.9)}];0,08333333333333333;0,08333333333333333;0,08333333333333337;0,03571428571428571
./audios/SP_DID_250_1708.39223_1717.17643.wav;1708,39223;1717,17643;embora deva sujeitar-se nesse caso... às... condições... que::... são (bastantes) onerosas;embora deva sujeitarse nesse caso às condições que são bastantes onerosas;8,784200000000055;embora deva sujeitar-se nesse caso as condições que são bastante numerosas;;[{'text': 'embora', 'timestamp': (0.1, 0.54)}, {'text': 'deva', 'timestamp': (0.84, 1.08)}, {'text': 'sujeitar-se', 'timestamp': (1.22, 1.92)}, {'text': 'nesse', 'timestamp': (2.0, 2.24)}, {'text': 'caso', 'timestamp': (2.36, 2.6)}, {'text': 'as', 'timestamp': (3.46, 3.56)}, {'text': 'condições', 'timestamp': (3.7, 4.38)}, {'text': 'que', 'timestamp': (6.02, 6.1)}, {'text': 'são', 'timestamp': (7.7, 7.82)}, {'text': 'bastante', 'timestamp': (7.88, 8.22)}, {'text': 'numerosas', 'timestamp': (8.3, 8.74)}];0,36363636363636365;0,36363636363636365;0,5950413223140496;0,0821917808219178
./audios/SP_DID_250_1719.70385_1735.03341.wav;1719,70385;1735,03341;porque o banco não paga juro pelo depósito... através do qual ele apura saldo médio para ver ''não nós podemos emprestar a esse cidadão aí... digamos a importância só ( ) vá lá... desde que ele apresente um avalista de nossa confiança'';porque o banco não paga juro pelo depósito através do qual ele apura saldo médio para ver não nós podemos emprestar a esse cidadão aí digamos a importância só vá lá desde que ele apresente um avalista de nossa confiança;15,329559999999901;porque o banco não paga juro pelo depósito através do qual ele apura o saldo médio para dizer não e nós também dos pais o cidadão aí digamos a importância de vá lá vezes queria presente uma avalista de nossa confiança;;[{'text': 'porque', 'timestamp': (0.02, 0.2)}, {'text': 'o', 'timestamp': (0.22, 0.24)}, {'text': 'banco', 'timestamp': (0.28, 0.46)}, {'text': 'não', 'timestamp': (0.54, 0.64)}, {'text': 'paga', 'timestamp': (0.74, 0.94)}, {'text': 'juro', 'timestamp': (1.1, 1.28)}, {'text': 'pelo', 'timestamp': (1.38, 1.52)}, {'text': 'depósito', 'timestamp': (1.58, 2.14)}, {'text': 'através', 'timestamp': (3.88, 4.32)}, {'text': 'do', 'timestamp': (4.38, 4.44)}, {'text': 'qual', 'timestamp': (4.52, 4.66)}, {'text': 'ele', 'timestamp': (4.72, 4.84)}, {'text': 'apura', 'timestamp': (4.86, 5.12)}, {'text': 'o', 'timestamp': (5.16, 5.18)}, {'text': 'saldo', 'timestamp': (5.28, 5.56)}, {'text': 'médio', 'timestamp': (5.62, 5.78)}, {'text': 'para', 'timestamp': (5.82, 5.92)}, {'text': 'dizer', 'timestamp': (5.94, 6.06)}, {'text': 'não', 'timestamp': (6.1, 6.2)}, {'text': 'e', 'timestamp': (6.28, 6.3)}, {'text': 'nós', 'timestamp': (6.38, 6.44)}, {'text': 'também', 'timestamp': (6.54, 6.74)}, {'text': 'dos', 'timestamp': (6.9, 7.06)}, {'text': 'pais', 'timestamp': (7.16, 7.34)}, {'text': 'o', 'timestamp': (7.4, 7.46)}, {'text': 'cidadão', 'timestamp': (7.5, 7.86)}, {'text': 'aí', 'timestamp': (7.96, 8.04)}, {'text': 'digamos', 'timestamp': (8.86, 9.26)}, {'text': 'a', 'timestamp': (9.34, 9.36)}, {'text': 'importância', 'timestamp': (9.4, 9.84)}, {'text': 'de', 'timestamp': (9.88, 9.94)}, {'text': 'vá', 'timestamp': (11.58, 11.64)}, {'text': 'lá', 'timestamp': (11.72, 11.78)}, {'text': 'vezes', 'timestamp': (13.18, 13.32)}, {'text': 'queria', 'timestamp': (13.34, 13.52)}, {'text': 'presente', 'timestamp': (13.56, 13.84)}, {'text': 'uma', 'timestamp': (13.94, 14.04)}, {'text': 'avalista', 'timestamp': (14.06, 14.44)}, {'text': 'de', 'timestamp': (14.5, 14.54)}, {'text': 'nossa', 'timestamp': (14.6, 14.82)}, {'text': 'confiança', 'timestamp': (14.9, 15.3)}];0,325;0,30952380952380953;0,4871951219512195;0,1735159817351598
./audios/SP_DID_250_1736.75652_1737.58842.wav;1736,75652;1737,58842;então ele empresta;então ele empresta;0,8319000000001324;e dois de presta;;[{'text': 'e', 'timestamp': (1.02, 1.04)}, {'text': 'dois', 'timestamp': (1.1, 1.26)}, {'text': 'de', 'timestamp': (1.28, 1.34)}, {'text': 'presta', 'timestamp': (1.42, 1.78)}];1,3333333333333333;1,0;1,0;0,5
./audios/SP_DID_250_1737.58842_1748.03143.wav;1737,58842;1748,03143; mas ele vai receber juros... que::... andam:: éh brincando brincando vai aí o negócio vai a dois e meio... ao mês;mas ele vai receber juros que andam eh brincando brincando vai aí o negócio vai a dois e meio ao mês;10,443009999999958;mas ele vai receber julos que andam brincando brincando aí o negócio aradois mail ao mês;;[{'text': 'mas', 'timestamp': (0.2, 0.32)}, {'text': 'ele', 'timestamp': (0.38, 0.46)}, {'text': 'vai', 'timestamp': (0.5, 0.58)}, {'text': 'receber', 'timestamp': (0.68, 1.14)}, {'text': 'julos', 'timestamp': (1.4, 1.84)}, {'text': 'que', 'timestamp': (2.04, 2.1)}, {'text': 'andam', 'timestamp': (3.86, 4.22)}, {'text': 'brincando', 'timestamp': (5.84, 6.18)}, {'text': 'brincando', 'timestamp': (6.28, 6.64)}, {'text': 'aí', 'timestamp': (6.76, 7.02)}, {'text': 'o', 'timestamp': (7.1, 7.12)}, {'text': 'negócio', 'timestamp': (7.18, 7.42)}, {'text': 'aradois', 'timestamp': (7.48, 7.9)}, {'text': 'mail', 'timestamp': (8.12, 8.38)}, {'text': 'ao', 'timestamp': (9.88, 9.94)}, {'text': 'mês', 'timestamp': (10.04, 10.22)}];0,38095238095238093;0,38095238095238093;0,49702380952380953;0,16
./audios/SP_DID_250_1750.67385_1776.60284.wav;1750,67385;1776,60284;então se você vai receber... --bom eu estou fugindo um pouquinho da pergunta--... se você pede dez mil cruzeiros emprestado e o banco empresta... por... sessenta dias vamos dizer... ele já te desconta... pelo menos... uns cinco por cento... você assina dez mas recebe dez menos cinco por cento e despesas taxa não sei de quê aquela conversa toda... depois no fim você paga os dez;então se você vai receber bom eu estou fugindo um pouquinho da pergunta se você pede dez mil cruzeiros emprestado e o banco empresta por sessenta dias vamos dizer ele já te desconta pelo menos uns cinco por cento você assina dez mas recebe dez menos cinco por cento e despesas taxa não sei de quê aquela conversa toda depois no fim você paga os dez;25,928990000000113;e como se você vai receber bom eu estou fugindo um pouquinho da pergunta mas se você pede dez mil cruzeiros emprestados o banco empresta por sessenta dias vamos dizer ele já te dez conta pelo menos uns cinco por você assina dez mas recebe dois menos cinco e despesas taxa eu não sei de que aquela conversa toda e apoio no finho você paga os dez;;[{'text': 'e', 'timestamp': (0.04, 0.06)}, {'text': 'como', 'timestamp': (0.16, 0.28)}, {'text': 'se', 'timestamp': (0.38, 0.42)}, {'text': 'você', 'timestamp': (0.5, 0.7)}, {'text': 'vai', 'timestamp': (0.92, 1.06)}, {'text': 'receber', 'timestamp': (1.18, 1.7)}, {'text': 'bom', 'timestamp': (2.78, 2.86)}, {'text': 'eu', 'timestamp': (2.92, 2.98)}, {'text': 'estou', 'timestamp': (3.0, 3.16)}, {'text': 'fugindo', 'timestamp': (3.22, 3.48)}, {'text': 'um', 'timestamp': (3.52, 3.56)}, {'text': 'pouquinho', 'timestamp': (3.62, 3.94)}, {'text': 'da', 'timestamp': (3.98, 4.02)}, {'text': 'pergunta', 'timestamp': (4.12, 4.54)}, {'text': 'mas', 'timestamp': (5.12, 5.2)}, {'text': 'se', 'timestamp': (5.28, 5.32)}, {'text': 'você', 'timestamp': (5.4, 5.58)}, {'text': 'pede', 'timestamp': (5.74, 5.9)}, {'text': 'dez', 'timestamp': (6.04, 6.2)}, {'text': 'mil', 'timestamp': (6.48, 6.58)}, {'text': 'cruzeiros', 'timestamp': (6.66, 7.06)}, {'text': 'emprestados', 'timestamp': (7.12, 7.64)}, {'text': 'o', 'timestamp': (7.72, 7.74)}, {'text': 'banco', 'timestamp': (7.78, 7.96)}, {'text': 'empresta', 'timestamp': (8.04, 8.42)}, {'text': 'por', 'timestamp': (10.18, 10.48)}, {'text': 'sessenta', 'timestamp': (11.48, 11.86)}, {'text': 'dias', 'timestamp': (11.98, 12.2)}, {'text': 'vamos', 'timestamp': (12.28, 12.4)}, {'text': 'dizer', 'timestamp': (12.46, 12.68)}, {'text': 'ele', 'timestamp': (13.22, 13.32)}, {'text': 'já', 'timestamp': (13.4, 13.44)}, {'text': 'te', 'timestamp': (13.54, 13.6)}, {'text': 'dez', 'timestamp': (13.68, 13.8)}, {'text': 'conta', 'timestamp': (13.88, 14.12)}, {'text': 'pelo', 'timestamp': (14.56, 14.72)}, {'text': 'menos', 'timestamp': (14.82, 15.12)}, {'text': 'uns', 'timestamp': (15.5, 15.62)}, {'text': 'cinco', 'timestamp': (15.78, 15.96)}, {'text': 'por', 'timestamp': (16.1, 16.18)}, {'text': 'você', 'timestamp': (17.72, 17.84)}, {'text': 'assina', 'timestamp': (17.92, 18.18)}, {'text': 'dez', 'timestamp': (18.3, 18.5)}, {'text': 'mas', 'timestamp': (19.34, 19.4)}, {'text': 'recebe', 'timestamp': (19.46, 19.74)}, {'text': 'dois', 'timestamp': (19.8, 20.06)}, {'text': 'menos', 'timestamp': (20.16, 20.34)}, {'text': 'cinco', 'timestamp': (20.42, 20.56)}, {'text': 'e', 'timestamp': (20.86, 20.88)}, {'text': 'despesas', 'timestamp': (21.18, 21.68)}, {'text': 'taxa', 'timestamp': (21.78, 21.98)}, {'text': 'eu', 'timestamp': (22.0, 22.08)}, {'text': 'não', 'timestamp': (22.1, 22.16)}, {'text': 'sei', 'timestamp': (22.2, 22.28)}, {'text': 'de', 'timestamp': (22.34, 22.38)}, {'text': 'que', 'timestamp': (22.44, 22.52)}, {'text': 'aquela', 'timestamp': (22.68, 22.84)}, {'text': 'conversa', 'timestamp': (22.9, 23.22)}, {'text': 'toda', 'timestamp': (23.36, 23.5)}, {'text': 'e', 'timestamp': (24.64, 24.66)}, {'text': 'apoio', 'timestamp': (24.68, 24.84)}, {'text': 'no', 'timestamp': (24.88, 24.92)}, {'text': 'finho', 'timestamp': (24.96, 25.1)}, {'text': 'você', 'timestamp': (25.12, 25.24)}, {'text': 'paga', 'timestamp': (25.32, 25.5)}, {'text': 'os', 'timestamp': (25.58, 25.62)}, {'text': 'dez', 'timestamp': (25.66, 25.8)}];0,24242424242424243;0,22535211267605634;0,3159203980099502;0,1206896551724138
./audios/SP_DID_250_1779.37858_1786.08418.wav;1779,37858;1786,08418;mas em todo caso... num momento de aperto... o indivíduo pode ter essa vantagem;mas em todo caso num momento de aperto o indivíduo pode ter essa vantagem;6,705600000000004;mas em todo caso num momento de aperto o indivíduo pode ter essa vontade;;[{'text': 'mas', 'timestamp': (0.04, 0.14)}, {'text': 'em', 'timestamp': (0.2, 0.24)}, {'text': 'todo', 'timestamp': (0.3, 0.44)}, {'text': 'caso', 'timestamp': (0.56, 0.86)}, {'text': 'num', 'timestamp': (2.1, 2.22)}, {'text': 'momento', 'timestamp': (2.28, 2.62)}, {'text': 'de', 'timestamp': (2.72, 2.76)}, {'text': 'aperto', 'timestamp': (2.82, 3.28)}, {'text': 'o', 'timestamp': (4.74, 4.76)}, {'text': 'indivíduo', 'timestamp': (4.86, 5.3)}, {'text': 'pode', 'timestamp': (5.46, 5.7)}, {'text': 'ter', 'timestamp': (5.86, 5.98)}, {'text': 'essa', 'timestamp': (6.04, 6.2)}, {'text': 'vontade', 'timestamp': (6.28, 6.64)}];0,07142857142857142;0,07142857142857142;0,1377551020408163;0,0410958904109589
./audios/SP_DID_250_1787.59958_1804.10516.wav;1787,59958;1804,10516;todavia embora a pergunta não inclua isto... eu acho preferível... que::... a:: por exemplo essa modalidade... do Cheque Ouro... que o Banco do Brasil começou e hoje outros bancos estão fazendo;todavia embora a pergunta não inclua isto eu acho preferível que a por exemplo essa modalidade do cheque ouro que o banco do brasil começou e hoje outros bancos estão fazendo;16,50558000000001;todavia embora a pergunta não inclua isso eu acho preferível que por exemplo essa modalidade do cheque ouro que o banco do brasil começou e hoje outros bancos estão fazendo;;[{'text': 'todavia', 'timestamp': (0.22, 0.64)}, {'text': 'embora', 'timestamp': (0.78, 1.04)}, {'text': 'a', 'timestamp': (1.1, 1.14)}, {'text': 'pergunta', 'timestamp': (1.2, 1.6)}, {'text': 'não', 'timestamp': (1.72, 1.82)}, {'text': 'inclua', 'timestamp': (1.88, 2.2)}, {'text': 'isso', 'timestamp': (2.28, 2.56)}, {'text': 'eu', 'timestamp': (3.24, 3.38)}, {'text': 'acho', 'timestamp': (3.5, 3.74)}, {'text': 'preferível', 'timestamp': (3.86, 4.54)}, {'text': 'que', 'timestamp': (5.98, 6.06)}, {'text': 'por', 'timestamp': (8.76, 8.84)}, {'text': 'exemplo', 'timestamp': (8.9, 9.24)}, {'text': 'essa', 'timestamp': (9.36, 9.56)}, {'text': 'modalidade', 'timestamp': (9.66, 10.36)}, {'text': 'do', 'timestamp': (11.46, 11.54)}, {'text': 'cheque', 'timestamp': (11.74, 11.98)}, {'text': 'ouro', 'timestamp': (12.1, 12.32)}, {'text': 'que', 'timestamp': (13.56, 13.62)}, {'text': 'o', 'timestamp': (13.66, 13.7)}, {'text': 'banco', 'timestamp': (13.74, 13.92)}, {'text': 'do', 'timestamp': (13.98, 14.04)}, {'text': 'brasil', 'timestamp': (14.08, 14.36)}, {'text': 'começou', 'timestamp': (14.48, 14.86)}, {'text': 'e', 'timestamp': (14.96, 15.0)}, {'text': 'hoje', 'timestamp': (15.04, 15.2)}, {'text': 'outros', 'timestamp': (15.26, 15.48)}, {'text': 'bancos', 'timestamp': (15.56, 15.76)}, {'text': 'estão', 'timestamp': (15.82, 15.98)}, {'text': 'fazendo', 'timestamp': (16.08, 16.44)}];0,06451612903225806;0,06451612903225806;0,0956989247311828;0,017241379310344827
./audios/SP_DID_250_1805.81168_1813.20886.wav;1805,81168;1813,20886;a pessoa durante três meses tem que se sujeitar a deixar... imobilizado ali no banco se puder... uma importância xis;a pessoa durante três meses tem que se sujeitar a deixar imobilizado ali no banco se puder uma importância xis;7,397179999999935;a pessoa durante três meses tem que se sujeitar a deixar imobilizado ali no banco se puder uma importância fila;;[{'text': 'a', 'timestamp': (0.04, 0.06)}, {'text': 'pessoa', 'timestamp': (0.14, 0.44)}, {'text': 'durante', 'timestamp': (0.52, 0.74)}, {'text': 'três', 'timestamp': (0.8, 1.0)}, {'text': 'meses', 'timestamp': (1.08, 1.32)}, {'text': 'tem', 'timestamp': (1.4, 1.48)}, {'text': 'que', 'timestamp': (1.54, 1.6)}, {'text': 'se', 'timestamp': (1.64, 1.7)}, {'text': 'sujeitar', 'timestamp': (1.78, 2.28)}, {'text': 'a', 'timestamp': (2.44, 2.46)}, {'text': 'deixar', 'timestamp': (2.56, 2.96)}, {'text': 'imobilizado', 'timestamp': (3.9, 4.68)}, {'text': 'ali', 'timestamp': (4.74, 4.84)}, {'text': 'no', 'timestamp': (4.92, 4.98)}, {'text': 'banco', 'timestamp': (5.06, 5.26)}, {'text': 'se', 'timestamp': (5.38, 5.42)}, {'text': 'puder', 'timestamp': (5.54, 5.8)}, {'text': 'uma', 'timestamp': (6.4, 6.48)}, {'text': 'importância', 'timestamp': (6.54, 7.1)}, {'text': 'fila', 'timestamp': (7.22, 7.36)}];0,05;0,05;0,09750000000000003;0,02727272727272727
./audios/SP_DID_250_1815.1882_1832.5525.wav;1815,1882;1832,5525;se ele puder deixar por exemplo... seis mil cruzeiros... no fim de três meses ele faz um contrato com o banco... e:: ele tem o direito... de durante... seis meses levantar até vinte mil cruzeiros;se ele puder deixar por exemplo seis mil cruzeiros no fim de três meses ele faz um contrato com o banco e ele tem o direito de durante seis meses levantar até vinte mil cruzeiros;17,364299999999957;se ele puder deixar por exemplo seis mil cruzeiros no fim três meses ele faz um contrato com o banco e ele tem o direito de durante seis meses levantar até emil cruzeiros;;[{'text': 'se', 'timestamp': (0.0, 0.04)}, {'text': 'ele', 'timestamp': (0.06, 0.16)}, {'text': 'puder', 'timestamp': (0.18, 0.34)}, {'text': 'deixar', 'timestamp': (0.46, 0.76)}, {'text': 'por', 'timestamp': (0.88, 0.96)}, {'text': 'exemplo', 'timestamp': (1.02, 1.34)}, {'text': 'seis', 'timestamp': (2.56, 2.72)}, {'text': 'mil', 'timestamp': (2.78, 2.9)}, {'text': 'cruzeiros', 'timestamp': (2.98, 3.44)}, {'text': 'no', 'timestamp': (5.9, 5.96)}, {'text': 'fim', 'timestamp': (6.02, 6.12)}, {'text': 'três', 'timestamp': (6.24, 6.42)}, {'text': 'meses', 'timestamp': (6.5, 6.68)}, {'text': 'ele', 'timestamp': (6.72, 6.8)}, {'text': 'faz', 'timestamp': (6.9, 7.02)}, {'text': 'um', 'timestamp': (7.12, 7.16)}, {'text': 'contrato', 'timestamp': (7.22, 7.58)}, {'text': 'com', 'timestamp': (7.66, 7.74)}, {'text': 'o', 'timestamp': (7.8, 7.82)}, {'text': 'banco', 'timestamp': (7.86, 8.06)}, {'text': 'e', 'timestamp': (10.1, 10.12)}, {'text': 'ele', 'timestamp': (10.64, 10.78)}, {'text': 'tem', 'timestamp': (10.94, 11.08)}, {'text': 'o', 'timestamp': (11.16, 11.2)}, {'text': 'direito', 'timestamp': (11.26, 11.64)}, {'text': 'de', 'timestamp': (13.06, 13.12)}, {'text': 'durante', 'timestamp': (13.48, 13.82)}, {'text': 'seis', 'timestamp': (14.18, 14.4)}, {'text': 'meses', 'timestamp': (14.52, 14.84)}, {'text': 'levantar', 'timestamp': (14.96, 15.48)}, {'text': 'até', 'timestamp': (15.68, 15.9)}, {'text': 'emil', 'timestamp': (16.48, 16.76)}, {'text': 'cruzeiros', 'timestamp': (16.86, 17.32)}];0,08571428571428572;0,08571428571428572;0,11341991341991342;0,0449438202247191
./audios/SP_DID_250_1834.93385_1838.17528.wav;1834,93385;1838,17528;pagando um juro ao redor de dois por cento;pagando um juro ao redor de dois por cento;3,2414300000000367;pagando um juro ao redor de dois;;[{'text': 'pagando', 'timestamp': (0.06, 0.52)}, {'text': 'um', 'timestamp': (0.78, 0.88)}, {'text': 'juro', 'timestamp': (1.04, 1.32)}, {'text': 'ao', 'timestamp': (1.7, 1.76)}, {'text': 'redor', 'timestamp': (1.88, 2.18)}, {'text': 'de', 'timestamp': (2.24, 2.3)}, {'text': 'dois', 'timestamp': (2.5, 2.72)}];0,2222222222222222;0,2222222222222222;0,2222222222222222;0,23809523809523808
./audios/SP_DID_250_1838.17528_1839.49678.wav;1838,17528;1839,49678;mas seis meses;mas seis meses;1,3215000000000146;mais seis meses;;[{'text': 'mais', 'timestamp': (0.12, 0.28)}, {'text': 'seis', 'timestamp': (0.48, 0.72)}, {'text': 'meses', 'timestamp': (0.84, 1.24)}];0,3333333333333333;0,3333333333333333;0,5555555555555556;0,07142857142857142
./audios/SP_DID_250_1840.18143_1855.64472.wav;1840,18143;1855,64472;então se ele tiver juízo se ele tiver um aperto... se ele precisar de dez mil cruzeiros... em lugar de assinar um papagaio... num banco qualquer... ele vai lá e saca dez mil cruzeiros... e tem seis meses para pagar;então se ele tiver juízo se ele tiver um aperto se ele precisar de dez mil cruzeiros em lugar de assinar um papagaio num banco qualquer ele vai lá e saca dez mil cruzeiros e tem seis meses para pagar;15,463289999999915;então se ele tiver juízo e tiver um aperto e precisar de dez mil cruzeiros em lugar de assinar um papagaio num banco qualpuer ele vai lá e saca de mil cruzeiros e tem seis meses pra pagar;;[{'text': 'então', 'timestamp': (0.06, 0.26)}, {'text': 'se', 'timestamp': (0.36, 0.4)}, {'text': 'ele', 'timestamp': (0.44, 0.52)}, {'text': 'tiver', 'timestamp': (0.6, 0.82)}, {'text': 'juízo', 'timestamp': (0.94, 1.32)}, {'text': 'e', 'timestamp': (1.56, 1.58)}, {'text': 'tiver', 'timestamp': (1.66, 1.9)}, {'text': 'um', 'timestamp': (1.96, 2.0)}, {'text': 'aperto', 'timestamp': (2.06, 2.56)}, {'text': 'e', 'timestamp': (3.32, 3.34)}, {'text': 'precisar', 'timestamp': (3.48, 3.86)}, {'text': 'de', 'timestamp': (3.94, 3.98)}, {'text': 'dez', 'timestamp': (4.12, 4.28)}, {'text': 'mil', 'timestamp': (4.36, 4.46)}, {'text': 'cruzeiros', 'timestamp': (4.54, 4.98)}, {'text': 'em', 'timestamp': (5.9, 5.94)}, {'text': 'lugar', 'timestamp': (6.0, 6.2)}, {'text': 'de', 'timestamp': (6.28, 6.34)}, {'text': 'assinar', 'timestamp': (6.38, 6.66)}, {'text': 'um', 'timestamp': (6.72, 6.76)}, {'text': 'papagaio', 'timestamp': (6.84, 7.48)}, {'text': 'num', 'timestamp': (8.62, 8.74)}, {'text': 'banco', 'timestamp': (8.78, 9.0)}, {'text': 'qualpuer', 'timestamp': (9.12, 9.52)}, {'text': 'ele', 'timestamp': (10.62, 10.76)}, {'text': 'vai', 'timestamp': (10.82, 10.94)}, {'text': 'lá', 'timestamp': (11.02, 11.06)}, {'text': 'e', 'timestamp': (11.16, 11.18)}, {'text': 'saca', 'timestamp': (11.32, 11.64)}, {'text': 'de', 'timestamp': (11.78, 11.84)}, {'text': 'mil', 'timestamp': (12.06, 12.18)}, {'text': 'cruzeiros', 'timestamp': (12.28, 12.76)}, {'text': 'e', 'timestamp': (13.76, 13.78)}, {'text': 'tem', 'timestamp': (13.9, 14.0)}, {'text': 'seis', 'timestamp': (14.2, 14.42)}, {'text': 'meses', 'timestamp': (14.52, 14.88)}, {'text': 'pra', 'timestamp': (14.96, 15.08)}, {'text': 'pagar', 'timestamp': (15.16, 15.4)}];0,175;0,175;0,2835526315789474;0,06532663316582915
./audios/SP_DID_250_1856.91987_1874.7181.wav;1856,91987;1874,7181;quer dizer... s/ se ele ele calcula... as suas possibilidades mensais... dentro da sua renda mensal... se ele pode... ir mensalmente depositando no banco... m::il e quinhentos ou dois mil cruzeiros... que seja... em seis meses ele cobriu a dívida;quer dizer s se ele ele calcula as suas possibilidades mensais dentro da sua renda mensal se ele pode ir mensalmente depositando no banco mil e quinhentos ou dois mil cruzeiros que seja em seis meses ele cobriu a dívida;17,798230000000103;quer dizer se ele calcula as suas possibilidades mensais dentro da sua renda mensal se ele pode ir mensalmente depositando no banco mil e dois mil cruzeiros que seja em seis meses ele cobriu a vida;;[{'text': 'quer', 'timestamp': (0.0, 0.1)}, {'text': 'dizer', 'timestamp': (0.12, 0.32)}, {'text': 'se', 'timestamp': (1.2, 1.26)}, {'text': 'ele', 'timestamp': (1.6, 1.88)}, {'text': 'calcula', 'timestamp': (2.22, 2.7)}, {'text': 'as', 'timestamp': (3.4, 3.44)}, {'text': 'suas', 'timestamp': (3.54, 3.7)}, {'text': 'possibilidades', 'timestamp': (3.82, 4.58)}, {'text': 'mensais', 'timestamp': (4.8, 5.3)}, {'text': 'dentro', 'timestamp': (5.9, 6.06)}, {'text': 'da', 'timestamp': (6.1, 6.16)}, {'text': 'sua', 'timestamp': (6.26, 6.36)}, {'text': 'renda', 'timestamp': (6.46, 6.64)}, {'text': 'mensal', 'timestamp': (6.72, 7.02)}, {'text': 'se', 'timestamp': (7.62, 7.66)}, {'text': 'ele', 'timestamp': (7.7, 7.82)}, {'text': 'pode', 'timestamp': (7.96, 8.22)}, {'text': 'ir', 'timestamp': (8.74, 8.88)}, {'text': 'mensalmente', 'timestamp': (9.02, 9.6)}, {'text': 'depositando', 'timestamp': (9.78, 10.5)}, {'text': 'no', 'timestamp': (10.6, 10.66)}, {'text': 'banco', 'timestamp': (10.76, 11.0)}, {'text': 'mil', 'timestamp': (12.68, 13.06)}, {'text': 'e', 'timestamp': (13.4, 13.42)}, {'text': 'dois', 'timestamp': (13.94, 14.08)}, {'text': 'mil', 'timestamp': (14.16, 14.26)}, {'text': 'cruzeiros', 'timestamp': (14.34, 14.72)}, {'text': 'que', 'timestamp': (14.78, 14.84)}, {'text': 'seja', 'timestamp': (14.92, 15.18)}, {'text': 'em', 'timestamp': (16.18, 16.26)}, {'text': 'seis', 'timestamp': (16.32, 16.5)}, {'text': 'meses', 'timestamp': (16.56, 16.76)}, {'text': 'ele', 'timestamp': (16.82, 16.9)}, {'text': 'cobriu', 'timestamp': (16.98, 17.2)}, {'text': 'a', 'timestamp': (17.28, 17.34)}, {'text': 'vida', 'timestamp': (17.38, 17.64)}];0,125;0,125;0,14930555555555558;0,1004566210045662
./audios/SP_DID_250_1875.02469_1876.91388.wav;1875,02469;1876,91388;pagou JUros... mas cobriu a dívida;pagou juros mas cobriu a dívida;1,8891900000000987;pagou os ouros mas cobriu a diva;;[{'text': 'pagou', 'timestamp': (0.06, 0.24)}, {'text': 'os', 'timestamp': (0.28, 0.34)}, {'text': 'ouros', 'timestamp': (0.42, 0.66)}, {'text': 'mas', 'timestamp': (1.14, 1.22)}, {'text': 'cobriu', 'timestamp': (1.3, 1.5)}, {'text': 'a', 'timestamp': (1.56, 1.6)}, {'text': 'diva', 'timestamp': (1.66, 1.86)}];0,5;0,42857142857142855;0,6190476190476191;0,22580645161290322
./audios/SP_DID_250_1877.41016_1881.57747.wav;1877,41016;1881,57747;é menos oneroso do que... assinar uma promissória por sessenta ou noventa dias;é menos oneroso do que assinar uma promissória por sessenta ou noventa dias;4,167310000000043;é menos honeroso do que assinar uma promissora por ou dias;;[{'text': 'é', 'timestamp': (0.04, 0.06)}, {'text': 'menos', 'timestamp': (0.16, 0.42)}, {'text': 'honeroso', 'timestamp': (0.5, 0.98)}, {'text': 'do', 'timestamp': (1.08, 1.14)}, {'text': 'que', 'timestamp': (1.22, 1.28)}, {'text': 'assinar', 'timestamp': (1.96, 2.22)}, {'text': 'uma', 'timestamp': (2.26, 2.32)}, {'text': 'promissora', 'timestamp': (2.38, 2.86)}, {'text': 'por', 'timestamp': (2.92, 3.0)}, {'text': 'ou', 'timestamp': (3.5, 3.54)}, {'text': 'dias', 'timestamp': (3.98, 4.14)}];0,3076923076923077;0,3076923076923077;0,43356643356643354;0,26666666666666666
./audios/SP_DID_250_1882.30976_1885.38907.wav;1882,30976;1885,38907;mas sendo depositante num banco ele... pode fazer isso;mas sendo depositante num banco ele pode fazer isso;3,0793099999998503;mas sendo o depositante num banco ele pode fazer isso;;[{'text': 'mas', 'timestamp': (0.08, 0.22)}, {'text': 'sendo', 'timestamp': (0.34, 0.5)}, {'text': 'o', 'timestamp': (0.54, 0.56)}, {'text': 'depositante', 'timestamp': (0.62, 1.26)}, {'text': 'num', 'timestamp': (1.38, 1.5)}, {'text': 'banco', 'timestamp': (1.58, 1.78)}, {'text': 'ele', 'timestamp': (1.94, 2.04)}, {'text': 'pode', 'timestamp': (2.2, 2.38)}, {'text': 'fazer', 'timestamp': (2.5, 2.72)}, {'text': 'isso', 'timestamp': (2.8, 2.94)}];0,1111111111111111;0,1;0,09999999999999998;0,0392156862745098
./audios/SP_DID_250_1891.56233_1921.94611.wav;1891,56233;1921,94611;bem os bancos... fornecem... é verdade que eles não fornecem com a presteza necessária... o que se chama um extrato de conta... que demonstra... num período... de mês... entendeu?... demonstra... ah:::... os depósitos que foram feitos... aquilo que você depositou durante esse período... e aquilo que você retirou... em cheques;bem os bancos fornecem é verdade que eles não fornecem com a presteza necessária o que se chama um extrato de conta que demonstra num período de mês entendeu demonstra ah os depósitos que foram feitos aquilo que você depositou durante esse período e aquilo que você retirou em cheques;30,383780000000115;daí os bancos fornecem é verdade que eles não fornecem com a presteza necessária o que se chama o estrato de conta que demonstra num período de mês entendeu demonstra a os depósitos que foram feitos aquilo que você depositou durante esse período e aquilo que você retirou em cheques;;[{'text': 'daí', 'timestamp': (0.06, 0.22)}, {'text': 'os', 'timestamp': (0.36, 0.44)}, {'text': 'bancos', 'timestamp': (0.52, 0.92)}, {'text': 'fornecem', 'timestamp': (2.22, 2.88)}, {'text': 'é', 'timestamp': (3.84, 3.86)}, {'text': 'verdade', 'timestamp': (3.94, 4.22)}, {'text': 'que', 'timestamp': (4.28, 4.36)}, {'text': 'eles', 'timestamp': (4.38, 4.48)}, {'text': 'não', 'timestamp': (4.52, 4.6)}, {'text': 'fornecem', 'timestamp': (4.7, 5.22)}, {'text': 'com', 'timestamp': (5.32, 5.42)}, {'text': 'a', 'timestamp': (5.48, 5.5)}, {'text': 'presteza', 'timestamp': (5.58, 6.1)}, {'text': 'necessária', 'timestamp': (6.18, 6.86)}, {'text': 'o', 'timestamp': (8.02, 8.06)}, {'text': 'que', 'timestamp': (8.1, 8.18)}, {'text': 'se', 'timestamp': (8.3, 8.34)}, {'text': 'chama', 'timestamp': (8.46, 8.66)}, {'text': 'o', 'timestamp': (8.84, 8.86)}, {'text': 'estrato', 'timestamp': (8.94, 9.46)}, {'text': 'de', 'timestamp': (9.56, 9.6)}, {'text': 'conta', 'timestamp': (9.72, 10.02)}, {'text': 'que', 'timestamp': (11.78, 11.86)}, {'text': 'demonstra', 'timestamp': (11.96, 12.48)}, {'text': 'num', 'timestamp': (13.12, 13.24)}, {'text': 'período', 'timestamp': (13.32, 13.76)}, {'text': 'de', 'timestamp': (14.56, 14.62)}, {'text': 'mês', 'timestamp': (14.72, 14.9)}, {'text': 'entendeu', 'timestamp': (16.02, 16.3)}, {'text': 'demonstra', 'timestamp': (17.52, 18.06)}, {'text': 'a', 'timestamp': (18.96, 18.98)}, {'text': 'os', 'timestamp': (21.68, 21.74)}, {'text': 'depósitos', 'timestamp': (21.82, 22.42)}, {'text': 'que', 'timestamp': (22.48, 22.54)}, {'text': 'foram', 'timestamp': (22.64, 22.8)}, {'text': 'feitos', 'timestamp': (22.9, 23.22)}, {'text': 'aquilo', 'timestamp': (25.08, 25.32)}, {'text': 'que', 'timestamp': (25.42, 25.5)}, {'text': 'você', 'timestamp': (25.56, 25.72)}, {'text': 'depositou', 'timestamp': (25.84, 26.46)}, {'text': 'durante', 'timestamp': (26.54, 26.76)}, {'text': 'esse', 'timestamp': (26.84, 26.96)}, {'text': 'período', 'timestamp': (27.04, 27.3)}, {'text': 'e', 'timestamp': (27.7, 27.72)}, {'text': 'aquilo', 'timestamp': (27.78, 28.0)}, {'text': 'que', 'timestamp': (28.06, 28.12)}, {'text': 'você', 'timestamp': (28.2, 28.36)}, {'text': 'retirou', 'timestamp': (28.5, 28.86)}, {'text': 'em', 'timestamp': (29.64, 29.7)}, {'text': 'cheques', 'timestamp': (29.8, 30.12)}];0,08;0,08;0,15359999999999996;0,02464788732394366
./audios/SP_DID_250_1923.61316_1926.16184.wav;1923,61316;1926,16184;então através disso você está controlando;então através disso você está controlando;2,5486799999998766;então através disso você está controlando;;[{'text': 'então', 'timestamp': (0.12, 0.38)}, {'text': 'através', 'timestamp': (0.56, 1.0)}, {'text': 'disso', 'timestamp': (1.08, 1.3)}, {'text': 'você', 'timestamp': (1.38, 1.54)}, {'text': 'está', 'timestamp': (1.64, 1.76)}, {'text': 'controlando', 'timestamp': (1.9, 2.38)}];0,0;0,0;0,0;0,0
./audios/SP_DID_250_1926.57184_1929.75659.wav;1926,57184;1929,75659;isto digamos é o controle::... formal;isto digamos é o controle formal;3,1847499999998945;isso digamos é o controle formal;;[{'text': 'isso', 'timestamp': (0.04, 0.22)}, {'text': 'digamos', 'timestamp': (0.32, 0.74)}, {'text': 'é', 'timestamp': (0.94, 0.96)}, {'text': 'o', 'timestamp': (1.06, 1.08)}, {'text': 'controle', 'timestamp': (1.22, 1.82)}, {'text': 'formal', 'timestamp': (2.54, 3.04)}];0,16666666666666666;0,16666666666666666;0,30555555555555547;0,03125
./audios/SP_DID_250_1930.6205_1931.93242.wav;1930,6205;1931,93242;por assim dizer oficial;por assim dizer oficial;1,3119200000001001;por assim dizer oficial;;[{'text': 'por', 'timestamp': (0.04, 0.12)}, {'text': 'assim', 'timestamp': (0.14, 0.3)}, {'text': 'dizer', 'timestamp': (0.38, 0.54)}, {'text': 'oficial', 'timestamp': (0.78, 1.24)}];0,0;0,0;0,0;0,0
./audios/SP_DID_250_1932.42155_1936.45673.wav;1932,42155;1936,45673;mas também na sua caderneta de cheques se você for cuidadosa você controla;mas também na sua caderneta de cheques se você for cuidadosa você controla;4,035180000000082;mas também na sua cadeamenta de cheque se você for cuidadosa você comprá-la;;[{'text': 'mas', 'timestamp': (0.08, 0.16)}, {'text': 'também', 'timestamp': (0.26, 0.5)}, {'text': 'na', 'timestamp': (0.58, 0.64)}, {'text': 'sua', 'timestamp': (0.74, 0.84)}, {'text': 'cadeamenta', 'timestamp': (0.94, 1.46)}, {'text': 'de', 'timestamp': (1.54, 1.6)}, {'text': 'cheque', 'timestamp': (1.7, 1.94)}, {'text': 'se', 'timestamp': (2.04, 2.1)}, {'text': 'você', 'timestamp': (2.16, 2.34)}, {'text': 'for', 'timestamp': (2.46, 2.54)}, {'text': 'cuidadosa', 'timestamp': (2.64, 3.12)}, {'text': 'você', 'timestamp': (3.22, 3.38)}, {'text': 'comprá-la', 'timestamp': (3.52, 3.98)}];0,23076923076923078;0,23076923076923078;0,40828402366863903;0,10810810810810811
./audios/SP_DID_250_1937.60281_1947.89641.wav;1937,60281;1947,89641;porque você tem você assentou que você tem cinco mil cruzeiros no banco... e no cheque número tal... você retirou mil... então no canhotinho do cheque você faz a subtração;porque você tem você assentou que você tem cinco mil cruzeiros no banco e no cheque número tal você retirou mil então no canhotinho do cheque você faz a subtração;10,29359999999997;porque você sentou que você tem cinco mil cruzeiros no banco e no cheque número tal você retirou mil então no canhotinho do cheque você faz a subtração;;[{'text': 'porque', 'timestamp': (0.02, 0.2)}, {'text': 'você', 'timestamp': (0.3, 1.12)}, {'text': 'sentou', 'timestamp': (1.22, 1.56)}, {'text': 'que', 'timestamp': (1.6, 1.66)}, {'text': 'você', 'timestamp': (1.68, 1.8)}, {'text': 'tem', 'timestamp': (1.88, 1.98)}, {'text': 'cinco', 'timestamp': (2.12, 2.28)}, {'text': 'mil', 'timestamp': (2.38, 2.46)}, {'text': 'cruzeiros', 'timestamp': (2.54, 2.94)}, {'text': 'no', 'timestamp': (3.0, 3.06)}, {'text': 'banco', 'timestamp': (3.14, 3.34)}, {'text': 'e', 'timestamp': (4.08, 4.1)}, {'text': 'no', 'timestamp': (4.18, 4.24)}, {'text': 'cheque', 'timestamp': (4.38, 4.68)}, {'text': 'número', 'timestamp': (4.74, 4.96)}, {'text': 'tal', 'timestamp': (5.1, 5.26)}, {'text': 'você', 'timestamp': (5.78, 5.94)}, {'text': 'retirou', 'timestamp': (6.08, 6.4)}, {'text': 'mil', 'timestamp': (6.52, 6.68)}, {'text': 'então', 'timestamp': (7.4, 7.58)}, {'text': 'no', 'timestamp': (7.66, 7.74)}, {'text': 'canhotinho', 'timestamp': (7.82, 8.38)}, {'text': 'do', 'timestamp': (8.46, 8.52)}, {'text': 'cheque', 'timestamp': (8.66, 8.9)}, {'text': 'você', 'timestamp': (9.02, 9.18)}, {'text': 'faz', 'timestamp': (9.32, 9.46)}, {'text': 'a', 'timestamp': (9.52, 9.54)}, {'text': 'subtração', 'timestamp': (9.62, 10.22)}];0,1;0,1;0,13214285714285712;0,06790123456790123
./audios/SP_DID_250_1948.45813_1949.68274.wav;1948,45813;1949,68274;cinco menos um quarto;cinco menos um quarto;1,2246099999999842;sinto menos um quatro;;[{'text': 'sinto', 'timestamp': (0.0, 0.22)}, {'text': 'menos', 'timestamp': (0.3, 0.5)}, {'text': 'um', 'timestamp': (0.58, 0.64)}, {'text': 'quatro', 'timestamp': (0.78, 1.16)}];0,5;0,5;0,75;0,19047619047619047
./audios/SP_DID_250_1950.05069_1955.35499.wav;1950,05069;1955,35499;então na data daquele cheque... mesmo o seu... saldo passou a ser quatro mil;então na data daquele cheque mesmo o seu saldo passou a ser quatro mil;5,304300000000012;então na data daquele cheque o seu saldo passou a ser quatro mil;;[{'text': 'então', 'timestamp': (0.04, 0.24)}, {'text': 'na', 'timestamp': (0.32, 0.38)}, {'text': 'data', 'timestamp': (0.54, 0.78)}, {'text': 'daquele', 'timestamp': (0.86, 1.14)}, {'text': 'cheque', 'timestamp': (1.26, 1.52)}, {'text': 'o', 'timestamp': (2.5, 2.52)}, {'text': 'seu', 'timestamp': (2.82, 2.98)}, {'text': 'saldo', 'timestamp': (3.86, 4.08)}, {'text': 'passou', 'timestamp': (4.18, 4.42)}, {'text': 'a', 'timestamp': (4.46, 4.48)}, {'text': 'ser', 'timestamp': (4.56, 4.64)}, {'text': 'quatro', 'timestamp': (4.74, 5.0)}, {'text': 'mil', 'timestamp': (5.1, 5.22)}];0,07142857142857142;0,07142857142857142;0,0714285714285714;0,08571428571428572
./audios/SP_DID_250_1986.96701_1988.34181.wav;1986,96701;1988,34181;e assim você vai controlando;e assim você vai controlando;1,3747999999998228;e assim você vai controlando;;[{'text': 'e', 'timestamp': (0.06, 0.08)}, {'text': 'assim', 'timestamp': (0.14, 0.34)}, {'text': 'você', 'timestamp': (0.4, 0.56)}, {'text': 'vai', 'timestamp': (0.64, 0.74)}, {'text': 'controlando', 'timestamp': (0.84, 1.3)}];0,0;0,0;0,0;0,0
./audios/SP_DID_250_2000.70602_2003.56956.wav;2000,70602;2003,56956;e volta e meia a gente é surpreendido por algum engano;e volta e meia a gente é surpreendido por algum engano;2,86353999999983;e volta e meia a gente é surpreendido por algum engano;;[{'text': 'e', 'timestamp': (0.04, 0.06)}, {'text': 'volta', 'timestamp': (0.16, 0.34)}, {'text': 'e', 'timestamp': (0.42, 0.44)}, {'text': 'meia', 'timestamp': (0.52, 0.72)}, {'text': 'a', 'timestamp': (0.8, 0.82)}, {'text': 'gente', 'timestamp': (0.9, 1.1)}, {'text': 'é', 'timestamp': (1.38, 1.4)}, {'text': 'surpreendido', 'timestamp': (1.5, 1.98)}, {'text': 'por', 'timestamp': (2.08, 2.16)}, {'text': 'algum', 'timestamp': (2.22, 2.4)}, {'text': 'engano', 'timestamp': (2.48, 2.76)}];0,0;0,0;0,0;0,0
./audios/SP_DID_250_2004.40087_2007.83483.wav;2004,40087;2007,83483;o banco... dificilmente se engana-rá pode ocorrer;o banco dificilmente se enganará pode ocorrer;3,43396000000007;o banco dificilmente se enganará pode ocorrer;;[{'text': 'o', 'timestamp': (0.04, 0.06)}, {'text': 'banco', 'timestamp': (0.14, 0.4)}, {'text': 'dificilmente', 'timestamp': (1.38, 2.1)}, {'text': 'se', 'timestamp': (2.2, 2.28)}, {'text': 'enganará', 'timestamp': (2.32, 2.66)}, {'text': 'pode', 'timestamp': (2.86, 3.02)}, {'text': 'ocorrer', 'timestamp': (3.1, 3.38)}];0,0;0,0;0,0;0,0
./audios/SP_DID_250_2008.49073_2010.85922.wav;2008,49073;2010,85922;a gente de vez em quando erra na... soma ou na subtração;a gente de vez em quando erra na soma ou na subtração;2,3684900000000653;a gente de vez em quando era na soma na subtração;;[{'text': 'a', 'timestamp': (0.06, 0.08)}, {'text': 'gente', 'timestamp': (0.14, 0.28)}, {'text': 'de', 'timestamp': (0.34, 0.38)}, {'text': 'vez', 'timestamp': (0.4, 0.5)}, {'text': 'em', 'timestamp': (0.52, 0.6)}, {'text': 'quando', 'timestamp': (0.64, 0.8)}, {'text': 'era', 'timestamp': (0.88, 1.02)}, {'text': 'na', 'timestamp': (1.08, 1.12)}, {'text': 'soma', 'timestamp': (1.26, 1.54)}, {'text': 'na', 'timestamp': (1.6, 1.64)}, {'text': 'subtração', 'timestamp': (1.72, 2.26)}];0,16666666666666666;0,16666666666666666;0,24242424242424243;0,07547169811320754
./audios/SP_DID_250_2017.36468_2018.77591.wav;2017,36468;2018,77591;tipos de cheque?;tipos de cheque;1,4112300000001596;tipos de choque;;[{'text': 'tipos', 'timestamp': (0.18, 0.52)}, {'text': 'de', 'timestamp': (0.6, 0.66)}, {'text': 'choque', 'timestamp': (0.86, 1.24)}];0,3333333333333333;0,3333333333333333;0,5555555555555556;0,06666666666666667
./audios/SP_DID_250_2019.90135_2054.79939.wav;2019,90135;2054,79939;Eu... eu... não sei se vou responder bem a sua pergunta... mas::... o:::... você assina por exemplo um cheque... e retira o dinheiro... você mesmo... ou dá a uma pessoa que vai ao banco e retira diretamente... esse cheque é o cheque digamos comum... há um emitente... e há uma pessoa que recebe;eu eu não sei se vou responder bem a sua pergunta mas o você assina por exemplo um cheque e retira o dinheiro você mesmo ou dá a uma pessoa que vai ao banco e retira diretamente esse cheque é o cheque digamos comum há um emitente e há uma pessoa que recebe;34,89804000000004;eu não sei se vou responder bem a sua pergunta mas só se assina por exemplo um cheque e retira o dinheiro você mesmo ou dá uma pessoa que vai ao banco e retira diretamente esse cheque é o cheque digamos comum há um emitente e há uma pessoa que recebe;;[{'text': 'eu', 'timestamp': (0.08, 6.72)}, {'text': 'não', 'timestamp': (7.92, 8.02)}, {'text': 'sei', 'timestamp': (8.16, 8.3)}, {'text': 'se', 'timestamp': (8.38, 8.44)}, {'text': 'vou', 'timestamp': (8.54, 8.66)}, {'text': 'responder', 'timestamp': (8.76, 9.22)}, {'text': 'bem', 'timestamp': (9.38, 9.52)}, {'text': 'a', 'timestamp': (9.6, 9.62)}, {'text': 'sua', 'timestamp': (9.72, 9.84)}, {'text': 'pergunta', 'timestamp': (9.92, 10.32)}, {'text': 'mas', 'timestamp': (11.44, 11.68)}, {'text': 'só', 'timestamp': (16.32, 16.38)}, {'text': 'se', 'timestamp': (16.5, 16.56)}, {'text': 'assina', 'timestamp': (16.66, 17.0)}, {'text': 'por', 'timestamp': (17.14, 17.22)}, {'text': 'exemplo', 'timestamp': (17.28, 17.6)}, {'text': 'um', 'timestamp': (17.7, 17.74)}, {'text': 'cheque', 'timestamp': (17.86, 18.14)}, {'text': 'e', 'timestamp': (20.02, 20.04)}, {'text': 'retira', 'timestamp': (20.16, 20.5)}, {'text': 'o', 'timestamp': (20.54, 20.56)}, {'text': 'dinheiro', 'timestamp': (20.6, 20.92)}, {'text': 'você', 'timestamp': (22.62, 22.78)}, {'text': 'mesmo', 'timestamp': (22.92, 23.2)}, {'text': 'ou', 'timestamp': (23.82, 23.88)}, {'text': 'dá', 'timestamp': (23.98, 24.04)}, {'text': 'uma', 'timestamp': (24.2, 24.3)}, {'text': 'pessoa', 'timestamp': (24.4, 24.76)}, {'text': 'que', 'timestamp': (24.86, 24.94)}, {'text': 'vai', 'timestamp': (25.0, 25.14)}, {'text': 'ao', 'timestamp': (25.2, 25.24)}, {'text': 'banco', 'timestamp': (25.32, 25.54)}, {'text': 'e', 'timestamp': (25.6, 25.62)}, {'text': 'retira', 'timestamp': (25.72, 26.04)}, {'text': 'diretamente', 'timestamp': (26.12, 26.66)}, {'text': 'esse', 'timestamp': (27.78, 27.94)}, {'text': 'cheque', 'timestamp': (28.08, 28.34)}, {'text': 'é', 'timestamp': (28.56, 28.58)}, {'text': 'o', 'timestamp': (28.8, 28.84)}, {'text': 'cheque', 'timestamp': (28.94, 29.16)}, {'text': 'digamos', 'timestamp': (29.24, 29.54)}, {'text': 'comum', 'timestamp': (29.64, 29.88)}, {'text': 'há', 'timestamp': (31.02, 31.08)}, {'text': 'um', 'timestamp': (31.14, 31.2)}, {'text': 'emitente', 'timestamp': (31.26, 31.7)}, {'text': 'e', 'timestamp': (33.42, 33.44)}, {'text': 'há', 'timestamp': (33.52, 33.58)}, {'text': 'uma', 'timestamp': (33.88, 33.98)}, {'text': 'pessoa', 'timestamp': (34.06, 34.34)}, {'text': 'que', 'timestamp': (34.4, 34.48)}, {'text': 'recebe', 'timestamp': (34.54, 34.84)}];0,07547169811320754;0,07547169811320754;0,11172770995190529;0,04296875
./audios/SP_DID_250_2054.79939_2072.33734.wav;2054,79939;2072,33734;o cheque pode ser... ao portador... se::... o nome da pessoa que vai receber... está indicado... e (pode) ser... ah::... ah pode ser nominal... perdão... se está indicado o nome da pessoa que vai receber... pode ser o portador... se o lugar reservado ao nome... está em branco;o cheque pode ser ao portador se o nome da pessoa que vai receber está indicado e pode ser ah ah pode ser nominal perdão se está indicado o nome da pessoa que vai receber pode ser o portador se o lugar reservado ao nome está em branco;17,53794999999991;o cheque pode ser ao portador se o nome da pessoa que vai receber está indicado e pode ser nominal perdão se está indicado o nome da pessoa que vai receber pode ser o bordador se o lugar reservado o nome está em branco;;[{'text': 'o', 'timestamp': (0.1, 0.12)}, {'text': 'cheque', 'timestamp': (0.2, 0.42)}, {'text': 'pode', 'timestamp': (0.54, 0.7)}, {'text': 'ser', 'timestamp': (0.82, 1.0)}, {'text': 'ao', 'timestamp': (1.92, 2.0)}, {'text': 'portador', 'timestamp': (2.12, 2.64)}, {'text': 'se', 'timestamp': (3.74, 3.8)}, {'text': 'o', 'timestamp': (4.34, 4.36)}, {'text': 'nome', 'timestamp': (4.5, 4.72)}, {'text': 'da', 'timestamp': (4.84, 4.9)}, {'text': 'pessoa', 'timestamp': (5.02, 5.32)}, {'text': 'que', 'timestamp': (5.38, 5.44)}, {'text': 'vai', 'timestamp': (5.5, 5.58)}, {'text': 'receber', 'timestamp': (5.68, 6.02)}, {'text': 'está', 'timestamp': (6.14, 6.28)}, {'text': 'indicado', 'timestamp': (6.38, 6.76)}, {'text': 'e', 'timestamp': (7.54, 7.56)}, {'text': 'pode', 'timestamp': (9.64, 9.76)}, {'text': 'ser', 'timestamp': (9.82, 9.92)}, {'text': 'nominal', 'timestamp': (10.04, 10.46)}, {'text': 'perdão', 'timestamp': (10.62, 10.9)}, {'text': 'se', 'timestamp': (11.38, 11.44)}, {'text': 'está', 'timestamp': (11.52, 11.7)}, {'text': 'indicado', 'timestamp': (11.82, 12.26)}, {'text': 'o', 'timestamp': (12.46, 12.48)}, {'text': 'nome', 'timestamp': (12.6, 12.8)}, {'text': 'da', 'timestamp': (12.86, 12.9)}, {'text': 'pessoa', 'timestamp': (13.0, 13.22)}, {'text': 'que', 'timestamp': (13.28, 13.36)}, {'text': 'vai', 'timestamp': (13.4, 13.5)}, {'text': 'receber', 'timestamp': (13.56, 13.98)}, {'text': 'pode', 'timestamp': (14.22, 14.34)}, {'text': 'ser', 'timestamp': (14.38, 14.46)}, {'text': 'o', 'timestamp': (14.48, 14.5)}, {'text': 'bordador', 'timestamp': (14.6, 15.0)}, {'text': 'se', 'timestamp': (15.74, 15.8)}, {'text': 'o', 'timestamp': (15.86, 15.88)}, {'text': 'lugar', 'timestamp': (15.94, 16.16)}, {'text': 'reservado', 'timestamp': (16.26, 16.6)}, {'text': 'o', 'timestamp': (16.66, 16.68)}, {'text': 'nome', 'timestamp': (16.74, 16.88)}, {'text': 'está', 'timestamp': (16.9, 17.02)}, {'text': 'em', 'timestamp': (17.06, 17.12)}, {'text': 'branco', 'timestamp': (17.14, 17.32)}];0,125;0,125;0,1647727272727273;0,07692307692307693
./audios/SP_DID_250_2075.89461_2083.39437.wav;2075,89461;2083,39437;se o cheque é nominal... e a pessoa que vai receber não é conhecida no banco em geral o banco exige uma prova de identidade para saber quem ele é;se o cheque é nominal e a pessoa que vai receber não é conhecida no banco em geral o banco exige uma prova de identidade para saber quem ele é;7,499760000000151;se o cheque é nominal e a pessoa que lá receber não é conhecida no banco em geral o banco exige uma prova de identidade para saber quem ele é;;[{'text': 'se', 'timestamp': (0.04, 0.08)}, {'text': 'o', 'timestamp': (0.16, 0.18)}, {'text': 'cheque', 'timestamp': (0.22, 0.46)}, {'text': 'é', 'timestamp': (0.54, 0.56)}, {'text': 'nominal', 'timestamp': (0.62, 1.04)}, {'text': 'e', 'timestamp': (2.18, 2.2)}, {'text': 'a', 'timestamp': (2.26, 2.28)}, {'text': 'pessoa', 'timestamp': (2.36, 2.6)}, {'text': 'que', 'timestamp': (2.66, 2.72)}, {'text': 'lá', 'timestamp': (2.76, 2.8)}, {'text': 'receber', 'timestamp': (2.88, 3.26)}, {'text': 'não', 'timestamp': (3.3, 3.38)}, {'text': 'é', 'timestamp': (3.42, 3.44)}, {'text': 'conhecida', 'timestamp': (3.52, 3.88)}, {'text': 'no', 'timestamp': (3.96, 4.02)}, {'text': 'banco', 'timestamp': (4.1, 4.28)}, {'text': 'em', 'timestamp': (4.36, 4.4)}, {'text': 'geral', 'timestamp': (4.46, 4.64)}, {'text': 'o', 'timestamp': (4.7, 4.72)}, {'text': 'banco', 'timestamp': (4.82, 5.04)}, {'text': 'exige', 'timestamp': (5.12, 5.48)}, {'text': 'uma', 'timestamp': (5.52, 5.6)}, {'text': 'prova', 'timestamp': (5.7, 5.9)}, {'text': 'de', 'timestamp': (5.96, 6.0)}, {'text': 'identidade', 'timestamp': (6.06, 6.56)}, {'text': 'para', 'timestamp': (6.64, 6.76)}, {'text': 'saber', 'timestamp': (6.82, 7.02)}, {'text': 'quem', 'timestamp': (7.1, 7.2)}, {'text': 'ele', 'timestamp': (7.26, 7.38)}, {'text': 'é', 'timestamp': (7.42, 7.44)}];0,03333333333333333;0,03333333333333333;0,06555555555555559;0,02112676056338028
./audios/SP_DID_250_2083.9629_2086.45766.wav;2083,9629;2086,45766;se ele é conhecido no banco ou tem firma no banco não tem problema;se ele é conhecido no banco ou tem firma no banco não tem problema;2,494760000000042;se ele é conhecido no banco eu tenho filmado banco não tem problema;;[{'text': 'se', 'timestamp': (0.02, 0.08)}, {'text': 'ele', 'timestamp': (0.1, 0.2)}, {'text': 'é', 'timestamp': (0.26, 0.28)}, {'text': 'conhecido', 'timestamp': (0.34, 0.7)}, {'text': 'no', 'timestamp': (0.78, 0.84)}, {'text': 'banco', 'timestamp': (0.92, 1.06)}, {'text': 'eu', 'timestamp': (1.08, 1.14)}, {'text': 'tenho', 'timestamp': (1.2, 1.32)}, {'text': 'filmado', 'timestamp': (1.34, 1.66)}, {'text': 'banco', 'timestamp': (1.7, 1.84)}, {'text': 'não', 'timestamp': (1.9, 1.98)}, {'text': 'tem', 'timestamp': (2.02, 2.1)}, {'text': 'problema', 'timestamp': (2.2, 2.44)}];0,2857142857142857;0,2857142857142857;0,4505494505494505;0,10606060606060606
./audios/SP_DID_250_2087.24541_2089.3797.wav;2087,24541;2089,3797;bem esse é o... digamos é o cheque comum;bem esse é o digamos é o cheque comum;2,1342899999999645;é esse digamos ao cheque comum;;[{'text': 'é', 'timestamp': (0.18, 0.2)}, {'text': 'esse', 'timestamp': (0.24, 0.48)}, {'text': 'digamos', 'timestamp': (1.0, 1.36)}, {'text': 'ao', 'timestamp': (1.42, 1.48)}, {'text': 'cheque', 'timestamp': (1.56, 1.76)}, {'text': 'comum', 'timestamp': (1.84, 2.06)}];0,5555555555555556;0,5555555555555556;0,7037037037037037;0,24324324324324326
./audios/SP_DID_250_2089.4771_2113.04251.wav;2089,4771;2113,04251;agora... eu posso pagar... a uma pessoa em cheque... e essa pessoa... ou simplesmente um cheque ao portador... não precisa ser nominal... ahn:: em vez de receber... diretamente no meu banco... deposita na conta dele num outro banco... aí aparece o que eles chamam de cheque cruzado;agora eu posso pagar a uma pessoa em cheque e essa pessoa ou simplesmente um cheque ao portador não precisa ser nominal ah em vez de receber diretamente no meu banco deposita na conta dele num outro banco aí aparece o que eles chamam de cheque cruzado;23,565410000000156;agora eu posso pagar a uma pessoa em cheque e essa pessoa ou simplesmente um cheque é o portador devesa ser nominal e em vez de receber diretamente no meu banco deposita na conta dele no outro banco aí aparece o que ele chama de cheque cruzado;;[{'text': 'agora', 'timestamp': (0.06, 0.3)}, {'text': 'eu', 'timestamp': (1.46, 1.54)}, {'text': 'posso', 'timestamp': (1.64, 1.84)}, {'text': 'pagar', 'timestamp': (1.94, 2.24)}, {'text': 'a', 'timestamp': (2.66, 2.68)}, {'text': 'uma', 'timestamp': (2.72, 2.82)}, {'text': 'pessoa', 'timestamp': (2.9, 3.22)}, {'text': 'em', 'timestamp': (3.28, 3.32)}, {'text': 'cheque', 'timestamp': (3.42, 3.68)}, {'text': 'e', 'timestamp': (4.7, 4.72)}, {'text': 'essa', 'timestamp': (4.8, 4.98)}, {'text': 'pessoa', 'timestamp': (5.08, 5.46)}, {'text': 'ou', 'timestamp': (6.68, 6.76)}, {'text': 'simplesmente', 'timestamp': (6.9, 7.34)}, {'text': 'um', 'timestamp': (7.42, 7.46)}, {'text': 'cheque', 'timestamp': (7.52, 7.74)}, {'text': 'é', 'timestamp': (7.76, 7.78)}, {'text': 'o', 'timestamp': (7.82, 7.84)}, {'text': 'portador', 'timestamp': (7.94, 8.38)}, {'text': 'devesa', 'timestamp': (9.54, 9.8)}, {'text': 'ser', 'timestamp': (9.9, 10.0)}, {'text': 'nominal', 'timestamp': (10.08, 10.44)}, {'text': 'e', 'timestamp': (12.04, 12.06)}, {'text': 'em', 'timestamp': (12.68, 12.78)}, {'text': 'vez', 'timestamp': (12.9, 13.1)}, {'text': 'de', 'timestamp': (13.16, 13.22)}, {'text': 'receber', 'timestamp': (13.34, 13.84)}, {'text': 'diretamente', 'timestamp': (14.54, 15.14)}, {'text': 'no', 'timestamp': (15.3, 15.36)}, {'text': 'meu', 'timestamp': (15.44, 15.54)}, {'text': 'banco', 'timestamp': (15.66, 15.88)}, {'text': 'deposita', 'timestamp': (16.78, 17.34)}, {'text': 'na', 'timestamp': (17.48, 17.54)}, {'text': 'conta', 'timestamp': (17.68, 17.96)}, {'text': 'dele', 'timestamp': (18.08, 18.3)}, {'text': 'no', 'timestamp': (18.42, 18.48)}, {'text': 'outro', 'timestamp': (18.58, 18.8)}, {'text': 'banco', 'timestamp': (18.88, 19.1)}, {'text': 'aí', 'timestamp': (20.8, 20.94)}, {'text': 'aparece', 'timestamp': (21.14, 21.58)}, {'text': 'o', 'timestamp': (21.66, 21.68)}, {'text': 'que', 'timestamp': (21.7, 21.78)}, {'text': 'ele', 'timestamp': (21.82, 21.9)}, {'text': 'chama', 'timestamp': (21.98, 22.14)}, {'text': 'de', 'timestamp': (22.24, 22.28)}, {'text': 'cheque', 'timestamp': (22.48, 22.74)}, {'text': 'cruzado', 'timestamp': (22.86, 23.38)}];0,1702127659574468;0,16666666666666666;0,27569035762788596;0,06374501992031872
./audios/SP_DID_250_2113.77458_2122.31543.wav;2113,77458;2122,31543;não sei se vocês já repararam... que num caso desses... o funcionário do banco... dá uma carimbadinha assim com duas linhas em diagonal;não sei se vocês já repararam que num caso desses o funcionário do banco dá uma carimbadinha assim com duas linhas em diagonal;8,540850000000319;não sei se já repararam e num caso desses o funcionário do banco dá uma carimbadinha assim com duas linhas em diagonal;;[{'text': 'não', 'timestamp': (0.04, 0.12)}, {'text': 'sei', 'timestamp': (0.2, 0.3)}, {'text': 'se', 'timestamp': (0.48, 0.52)}, {'text': 'já', 'timestamp': (0.62, 0.68)}, {'text': 'repararam', 'timestamp': (0.8, 1.38)}, {'text': 'e', 'timestamp': (2.02, 2.04)}, {'text': 'num', 'timestamp': (2.12, 2.2)}, {'text': 'caso', 'timestamp': (2.3, 2.54)}, {'text': 'desses', 'timestamp': (2.68, 3.1)}, {'text': 'o', 'timestamp': (3.86, 3.88)}, {'text': 'funcionário', 'timestamp': (4.14, 4.54)}, {'text': 'do', 'timestamp': (4.58, 4.64)}, {'text': 'banco', 'timestamp': (4.74, 4.98)}, {'text': 'dá', 'timestamp': (5.62, 5.68)}, {'text': 'uma', 'timestamp': (5.74, 5.82)}, {'text': 'carimbadinha', 'timestamp': (5.9, 6.5)}, {'text': 'assim', 'timestamp': (6.58, 6.78)}, {'text': 'com', 'timestamp': (6.92, 7.02)}, {'text': 'duas', 'timestamp': (7.12, 7.36)}, {'text': 'linhas', 'timestamp': (7.46, 7.72)}, {'text': 'em', 'timestamp': (7.8, 7.86)}, {'text': 'diagonal', 'timestamp': (7.92, 8.38)}];0,08695652173913043;0,08695652173913043;0,12845849802371545;0,06349206349206349
./audios/SP_DID_250_2122.31543_2123.39649.wav;2122,31543;2123,39649;ele cruza o cheque;ele cruza o cheque;1,0810599999999795;ele cruza o cheque;;[{'text': 'ele', 'timestamp': (0.02, 0.12)}, {'text': 'cruza', 'timestamp': (0.24, 0.5)}, {'text': 'o', 'timestamp': (0.58, 0.6)}, {'text': 'cheque', 'timestamp': (0.7, 1.0)}];0,0;0,0;0,0;0,0
./audios/SP_DID_250_2123.82177_2130.54741.wav;2123,82177;2130,54741;por quê?... porque ele tem que mandar o cheque ao meu banco... que então vai pagar;por quê porque ele tem que mandar o cheque ao meu banco que então vai pagar;6,725640000000112;porque porque ele tem que mandar o cheque ao meu banco que então vai pagar;;[{'text': 'porque', 'timestamp': (0.04, 0.28)}, {'text': 'porque', 'timestamp': (1.14, 1.34)}, {'text': 'ele', 'timestamp': (1.38, 1.48)}, {'text': 'tem', 'timestamp': (1.58, 1.68)}, {'text': 'que', 'timestamp': (1.74, 1.82)}, {'text': 'mandar', 'timestamp': (1.88, 2.14)}, {'text': 'o', 'timestamp': (2.2, 2.22)}, {'text': 'cheque', 'timestamp': (2.34, 2.62)}, {'text': 'ao', 'timestamp': (2.8, 2.88)}, {'text': 'meu', 'timestamp': (3.02, 3.14)}, {'text': 'banco', 'timestamp': (3.28, 3.54)}, {'text': 'que', 'timestamp': (5.48, 5.54)}, {'text': 'então', 'timestamp': (5.6, 5.92)}, {'text': 'vai', 'timestamp': (6.06, 6.22)}, {'text': 'pagar', 'timestamp': (6.34, 6.64)}];0,125;0,125;0,18333333333333335;0,02666666666666667
./audios/SP_DID_250_2131.84098_2140.7472.wav;2131,84098;2140,7472;ou simplesmente dizer que meu cheque é bom porque::... o cheque é uma espécie de... é é é um substitutivo da da moeda corrente;ou simplesmente dizer que meu cheque é bom porque o cheque é uma espécie de é é é um substitutivo da da moeda corrente;8,906219999999848;ou simplesmente dizer que o meu cheque é bom porque o cheque é uma espécie de é um substitutivo da moeda corrente;;[{'text': 'ou', 'timestamp': (0.04, 0.1)}, {'text': 'simplesmente', 'timestamp': (0.18, 0.56)}, {'text': 'dizer', 'timestamp': (0.64, 0.84)}, {'text': 'que', 'timestamp': (0.9, 0.98)}, {'text': 'o', 'timestamp': (1.02, 1.04)}, {'text': 'meu', 'timestamp': (1.08, 1.18)}, {'text': 'cheque', 'timestamp': (1.26, 1.52)}, {'text': 'é', 'timestamp': (1.58, 1.6)}, {'text': 'bom', 'timestamp': (1.7, 1.82)}, {'text': 'porque', 'timestamp': (1.96, 2.2)}, {'text': 'o', 'timestamp': (3.14, 3.16)}, {'text': 'cheque', 'timestamp': (3.3, 3.52)}, {'text': 'é', 'timestamp': (3.58, 3.6)}, {'text': 'uma', 'timestamp': (3.64, 3.72)}, {'text': 'espécie', 'timestamp': (3.76, 4.12)}, {'text': 'de', 'timestamp': (4.26, 6.02)}, {'text': 'é', 'timestamp': (6.66, 6.68)}, {'text': 'um', 'timestamp': (6.72, 6.76)}, {'text': 'substitutivo', 'timestamp': (6.86, 7.64)}, {'text': 'da', 'timestamp': (7.76, 8.12)}, {'text': 'moeda', 'timestamp': (8.2, 8.44)}, {'text': 'corrente', 'timestamp': (8.56, 8.86)}];0,16666666666666666;0,16;0,1647727272727273;0,07627118644067797
./audios/SP_DID_250_2141.34405_2143.62736.wav;2141,34405;2143,62736;desde que a pessoa não paga e a outra não recebe em dinheiro;desde que a pessoa não paga e a outra não recebe em dinheiro;2,283309999999801;desde que a pessoa não paga e a outra não recebe engler;;[{'text': 'desde', 'timestamp': (0.04, 0.18)}, {'text': 'que', 'timestamp': (0.2, 0.26)}, {'text': 'a', 'timestamp': (0.3, 0.32)}, {'text': 'pessoa', 'timestamp': (0.38, 0.58)}, {'text': 'não', 'timestamp': (0.64, 0.72)}, {'text': 'paga', 'timestamp': (0.84, 1.06)}, {'text': 'e', 'timestamp': (1.14, 1.16)}, {'text': 'a', 'timestamp': (1.2, 1.22)}, {'text': 'outra', 'timestamp': (1.28, 1.42)}, {'text': 'não', 'timestamp': (1.48, 1.54)}, {'text': 'recebe', 'timestamp': (1.6, 1.86)}, {'text': 'engler', 'timestamp': (1.96, 2.22)}];0,15384615384615385;0,15384615384615385;0,22435897435897445;0,13333333333333333
./audios/SP_DID_250_2144.08457_2147.27149.wav;2144,08457;2147,27149;então esse cheque é cruzado o banco ( ) ''pode creditar'';então esse cheque é cruzado o banco pode creditar;3,1869200000001;então esse cheque é cruzado o banco de pode acreditar;;[{'text': 'então', 'timestamp': (0.08, 0.3)}, {'text': 'esse', 'timestamp': (0.38, 0.54)}, {'text': 'cheque', 'timestamp': (0.66, 0.88)}, {'text': 'é', 'timestamp': (0.94, 0.96)}, {'text': 'cruzado', 'timestamp': (1.02, 1.44)}, {'text': 'o', 'timestamp': (1.58, 1.6)}, {'text': 'banco', 'timestamp': (1.66, 1.88)}, {'text': 'de', 'timestamp': (1.96, 2.14)}, {'text': 'pode', 'timestamp': (2.38, 2.54)}, {'text': 'acreditar', 'timestamp': (2.62, 3.1)}];0,2222222222222222;0,2;0,28888888888888886;0,08163265306122448
./audios/SP_DID_250_2148.44498_2154.75471.wav;2148,44498;2154,75471;os o banco de recebedor... então credita na conta dele a importância que eu paguei por cheque cruzado;os o banco de recebedor então credita na conta dele a importância que eu paguei por cheque cruzado;6,309729999999945;o banco do recebedor então acredita na conta dele a importância que eu paguei por cheque cruzado;;[{'text': 'o', 'timestamp': (0.36, 0.38)}, {'text': 'banco', 'timestamp': (0.5, 0.76)}, {'text': 'do', 'timestamp': (0.88, 0.96)}, {'text': 'recebedor', 'timestamp': (1.06, 1.72)}, {'text': 'então', 'timestamp': (2.26, 2.46)}, {'text': 'acredita', 'timestamp': (2.52, 3.06)}, {'text': 'na', 'timestamp': (3.2, 3.26)}, {'text': 'conta', 'timestamp': (3.38, 3.66)}, {'text': 'dele', 'timestamp': (3.76, 3.96)}, {'text': 'a', 'timestamp': (4.02, 4.04)}, {'text': 'importância', 'timestamp': (4.08, 4.54)}, {'text': 'que', 'timestamp': (4.64, 4.7)}, {'text': 'eu', 'timestamp': (4.74, 4.8)}, {'text': 'paguei', 'timestamp': (4.86, 5.1)}, {'text': 'por', 'timestamp': (5.18, 5.26)}, {'text': 'cheque', 'timestamp': (5.36, 5.58)}, {'text': 'cruzado', 'timestamp': (5.7, 6.06)}];0,16666666666666666;0,16666666666666666;0,2647058823529411;0,05102040816326531
./audios/SP_DID_250_2155.82429_2159.21923.wav;2155,82429;2159,21923;existe também o cheque que se chama o cheque viSAdo;existe também o cheque que se chama o cheque visado;3,3949400000001333;existe também um cheque que se chama o cheque visado;;[{'text': 'existe', 'timestamp': (0.06, 0.38)}, {'text': 'também', 'timestamp': (0.5, 0.74)}, {'text': 'um', 'timestamp': (0.8, 0.86)}, {'text': 'cheque', 'timestamp': (0.98, 1.22)}, {'text': 'que', 'timestamp': (1.34, 1.4)}, {'text': 'se', 'timestamp': (1.48, 1.54)}, {'text': 'chama', 'timestamp': (1.64, 1.84)}, {'text': 'o', 'timestamp': (1.92, 1.94)}, {'text': 'cheque', 'timestamp': (2.04, 2.28)}, {'text': 'visado', 'timestamp': (2.46, 3.12)}];0,1;0,1;0,18999999999999995;0,0392156862745098
./audios/SP_DID_250_2160.67995_2178.5729.wav;2160,67995;2178,5729;o cheque visado... é simplesmente o cheque::... cuja::: importância... o banco... não é?... sobre o qual eu emiti o cheque... éh:: assegura... que é o cheque pagável;o cheque visado é simplesmente o cheque cuja importância o banco não é sobre o qual eu emiti o cheque eh assegura que é o cheque pagável;17,892949999999928;o cheque visado é simplesmente o cheque cuja importância o banco não é sobre o qual eu emiti o cheque assegura que é o cheque pagável;;[{'text': 'o', 'timestamp': (0.06, 0.1)}, {'text': 'cheque', 'timestamp': (0.16, 0.42)}, {'text': 'visado', 'timestamp': (0.52, 0.94)}, {'text': 'é', 'timestamp': (1.8, 1.82)}, {'text': 'simplesmente', 'timestamp': (1.96, 2.48)}, {'text': 'o', 'timestamp': (2.78, 2.8)}, {'text': 'cheque', 'timestamp': (2.98, 5.02)}, {'text': 'cuja', 'timestamp': (5.44, 5.84)}, {'text': 'importância', 'timestamp': (6.64, 7.44)}, {'text': 'o', 'timestamp': (8.4, 8.42)}, {'text': 'banco', 'timestamp': (8.58, 8.92)}, {'text': 'não', 'timestamp': (10.56, 10.64)}, {'text': 'é', 'timestamp': (10.7, 10.72)}, {'text': 'sobre', 'timestamp': (11.84, 12.04)}, {'text': 'o', 'timestamp': (12.08, 12.1)}, {'text': 'qual', 'timestamp': (12.2, 12.38)}, {'text': 'eu', 'timestamp': (12.52, 12.6)}, {'text': 'emiti', 'timestamp': (12.72, 13.04)}, {'text': 'o', 'timestamp': (13.14, 13.16)}, {'text': 'cheque', 'timestamp': (13.26, 13.56)}, {'text': 'assegura', 'timestamp': (15.86, 16.42)}, {'text': 'que', 'timestamp': (16.72, 16.78)}, {'text': 'é', 'timestamp': (16.84, 16.86)}, {'text': 'o', 'timestamp': (16.92, 16.94)}, {'text': 'cheque', 'timestamp': (17.04, 17.26)}, {'text': 'pagável', 'timestamp': (17.36, 17.84)}];0,037037037037037035;0,037037037037037035;0,03703703703703709;0,022058823529411766
./audios/SP_DID_250_2179.39397_2190.2968.wav;2179,39397;2190,2968;é::: usa-se o cheque:::... o cheque::: como é que você disse? o cheque viSAdo... no caso de importâncias muito grandes não é?;é usase o cheque o cheque como é que você disse o cheque visado no caso de importâncias muito grandes não é;10,902829999999994;usa-se o cheque cheque como é que eu disse o cheque visado no caso de importâncias muito grandes né;;[{'text': 'usa-se', 'timestamp': (1.02, 1.42)}, {'text': 'o', 'timestamp': (1.52, 1.54)}, {'text': 'cheque', 'timestamp': (1.7, 2.04)}, {'text': 'cheque', 'timestamp': (4.04, 4.54)}, {'text': 'como', 'timestamp': (5.96, 6.06)}, {'text': 'é', 'timestamp': (6.1, 6.12)}, {'text': 'que', 'timestamp': (6.14, 6.22)}, {'text': 'eu', 'timestamp': (6.26, 6.3)}, {'text': 'disse', 'timestamp': (6.34, 6.54)}, {'text': 'o', 'timestamp': (6.62, 6.64)}, {'text': 'cheque', 'timestamp': (6.74, 7.08)}, {'text': 'visado', 'timestamp': (7.66, 8.08)}, {'text': 'no', 'timestamp': (8.88, 8.94)}, {'text': 'caso', 'timestamp': (9.0, 9.16)}, {'text': 'de', 'timestamp': (9.2, 9.24)}, {'text': 'importâncias', 'timestamp': (9.3, 9.84)}, {'text': 'muito', 'timestamp': (9.92, 10.08)}, {'text': 'grandes', 'timestamp': (10.18, 10.54)}, {'text': 'né', 'timestamp': (10.62, 10.7)}];0,2727272727272727;0,2727272727272727;0,3875598086124402;0,11214953271028037
./audios/SP_DID_250_2192.23933_2192.55576.wav;2192,23933;2192,55576;entendeu?;entendeu;0,3164300000003095;entendeu;;[{'text': 'entendeu', 'timestamp': (0.9, 1.24)}];0,0;0,0;0,0;0,0
./audios/SP_DID_250_2193.0592_2212.29203.wav;2193,0592;2212,29203;a pessoa vai fazer um pagamento digamos na na compra de um imóvel... vai pagar alguns... algumas centenas de milhares milhões de cruzeiros... pergunta... o se/ o com o:: o::... o comprador do imóvel nesse caso diz ''o senhor quer que eu dê um cheque... éh o senhor exige um cheque::... visado?'';a pessoa vai fazer um pagamento digamos na na compra de um imóvel vai pagar alguns algumas centenas de milhares milhões de cruzeiros pergunta o se o com o o o comprador do imóvel nesse caso diz o senhor quer que eu dê um cheque eh o senhor exige um cheque visado;19,23282999999992;a pessoa vai fazer um pagamento digamos na compra de um imóvel a pagar alguns algumas centenas e milhares não em cruzeiro pergunta o comprador do imóvel nesse caso e se o que é que eu dei um cheque o senhor exige o cheque visado;;[{'text': 'a', 'timestamp': (0.12, 0.14)}, {'text': 'pessoa', 'timestamp': (0.2, 0.38)}, {'text': 'vai', 'timestamp': (0.42, 0.48)}, {'text': 'fazer', 'timestamp': (0.56, 0.7)}, {'text': 'um', 'timestamp': (0.74, 0.78)}, {'text': 'pagamento', 'timestamp': (0.84, 1.4)}, {'text': 'digamos', 'timestamp': (1.58, 1.94)}, {'text': 'na', 'timestamp': (2.26, 2.44)}, {'text': 'compra', 'timestamp': (2.54, 2.78)}, {'text': 'de', 'timestamp': (2.84, 2.88)}, {'text': 'um', 'timestamp': (2.94, 2.98)}, {'text': 'imóvel', 'timestamp': (3.06, 3.62)}, {'text': 'a', 'timestamp': (4.36, 4.38)}, {'text': 'pagar', 'timestamp': (4.5, 4.7)}, {'text': 'alguns', 'timestamp': (4.76, 5.06)}, {'text': 'algumas', 'timestamp': (5.96, 6.18)}, {'text': 'centenas', 'timestamp': (6.26, 6.7)}, {'text': 'e', 'timestamp': (6.76, 6.78)}, {'text': 'milhares', 'timestamp': (6.84, 7.22)}, {'text': 'não', 'timestamp': (7.34, 7.44)}, {'text': 'em', 'timestamp': (7.48, 7.52)}, {'text': 'cruzeiro', 'timestamp': (7.54, 7.84)}, {'text': 'pergunta', 'timestamp': (8.52, 8.92)}, {'text': 'o', 'timestamp': (11.2, 11.24)}, {'text': 'comprador', 'timestamp': (11.58, 12.02)}, {'text': 'do', 'timestamp': (12.08, 12.12)}, {'text': 'imóvel', 'timestamp': (12.18, 12.44)}, {'text': 'nesse', 'timestamp': (12.48, 12.64)}, {'text': 'caso', 'timestamp': (12.68, 12.82)}, {'text': 'e', 'timestamp': (12.94, 12.96)}, {'text': 'se', 'timestamp': (13.06, 13.1)}, {'text': 'o', 'timestamp': (13.18, 13.2)}, {'text': 'que', 'timestamp': (13.24, 13.3)}, {'text': 'é', 'timestamp': (13.34, 13.36)}, {'text': 'que', 'timestamp': (13.42, 13.48)}, {'text': 'eu', 'timestamp': (13.5, 13.58)}, {'text': 'dei', 'timestamp': (13.62, 13.7)}, {'text': 'um', 'timestamp': (13.76, 13.82)}, {'text': 'cheque', 'timestamp': (13.92, 15.28)}, {'text': 'o', 'timestamp': (16.32, 16.34)}, {'text': 'senhor', 'timestamp': (16.38, 16.52)}, {'text': 'exige', 'timestamp': (16.58, 16.9)}, {'text': 'o', 'timestamp': (16.94, 16.96)}, {'text': 'cheque', 'timestamp': (17.06, 17.36)}, {'text': 'visado', 'timestamp': (18.72, 19.12)}];0,36538461538461536;0,3584905660377358;0,505982905982906;0,183206106870229
./audios/SP_DID_250_2213.55401_2216.00772.wav;2213,55401;2216,00772;o outro que vai receber o vendedor dirá sim ou não;o outro que vai receber o vendedor dirá sim ou não;2,4537100000002283;o outro que vai receber o vendedor dirá sim ou não;;[{'text': 'o', 'timestamp': (0.1, 0.14)}, {'text': 'outro', 'timestamp': (0.2, 0.34)}, {'text': 'que', 'timestamp': (0.4, 0.48)}, {'text': 'vai', 'timestamp': (0.52, 0.62)}, {'text': 'receber', 'timestamp': (0.7, 1.08)}, {'text': 'o', 'timestamp': (1.16, 1.18)}, {'text': 'vendedor', 'timestamp': (1.22, 1.54)}, {'text': 'dirá', 'timestamp': (1.62, 1.76)}, {'text': 'sim', 'timestamp': (1.86, 2.04)}, {'text': 'ou', 'timestamp': (2.12, 2.18)}, {'text': 'não', 'timestamp': (2.22, 2.34)}];0,0;0,0;0,0;0,0
./audios/SP_DID_250_2217.04672_2218.40973.wav;2217,04672;2218,40973;o meu banco visa o cheque;o meu banco visa o cheque;1,3630100000000311;o meu banco visa o chefe;;[{'text': 'o', 'timestamp': (0.04, 0.06)}, {'text': 'meu', 'timestamp': (0.1, 0.2)}, {'text': 'banco', 'timestamp': (0.28, 0.48)}, {'text': 'visa', 'timestamp': (0.6, 0.84)}, {'text': 'o', 'timestamp': (0.9, 0.92)}, {'text': 'chefe', 'timestamp': (1.02, 1.32)}];0,16666666666666666;0,16666666666666666;0,30555555555555547;0,08
./audios/SP_DID_250_2219.34295_2225.3426.wav;2219,34295;2225,3426;quer dizer ele asseGUra... que eu tenho fundos no banco para... o pagamento daquela importância;quer dizer ele assegura que eu tenho fundos no banco para o pagamento daquela importância;5,999649999999747;e ele assegura que eu tenho fundos no banco para o pagamento daquela importância;;[{'text': 'e', 'timestamp': (0.12, 0.14)}, {'text': 'ele', 'timestamp': (0.16, 0.28)}, {'text': 'assegura', 'timestamp': (0.32, 0.82)}, {'text': 'que', 'timestamp': (2.5, 2.58)}, {'text': 'eu', 'timestamp': (2.6, 2.66)}, {'text': 'tenho', 'timestamp': (2.8, 3.1)}, {'text': 'fundos', 'timestamp': (3.28, 3.54)}, {'text': 'no', 'timestamp': (3.62, 3.68)}, {'text': 'banco', 'timestamp': (3.78, 3.98)}, {'text': 'para', 'timestamp': (4.14, 4.34)}, {'text': 'o', 'timestamp': (4.58, 4.6)}, {'text': 'pagamento', 'timestamp': (4.68, 5.06)}, {'text': 'daquela', 'timestamp': (5.1, 5.34)}, {'text': 'importância', 'timestamp': (5.38, 5.86)}];0,13333333333333333;0,13333333333333333;0,1952380952380952;0,10112359550561797
./audios/SP_DID_250_2226.0105_2227.11215.wav;2226,0105;2227,11215;esse é o cheque visado;esse é o cheque visado;1,1016500000000633;isso é o cheque de sade;;[{'text': 'isso', 'timestamp': (0.02, 0.14)}, {'text': 'é', 'timestamp': (0.16, 0.18)}, {'text': 'o', 'timestamp': (0.24, 0.26)}, {'text': 'cheque', 'timestamp': (0.3, 0.5)}, {'text': 'de', 'timestamp': (0.56, 0.62)}, {'text': 'sade', 'timestamp': (0.74, 1.04)}];0,6;0,5;0,7;0,2727272727272727
./audios/SP_DID_250_2228.10725_2232.6718.wav;2228,10725;2232,6718;mas só no caso de operações muito voltosas... ou noutras talvez;mas só no caso de operações muito voltosas ou noutras talvez;4,564550000000054;mas só no caso de operações muito gotosas ou noutros talento;;[{'text': 'mas', 'timestamp': (0.04, 0.12)}, {'text': 'só', 'timestamp': (0.18, 0.24)}, {'text': 'no', 'timestamp': (0.32, 0.38)}, {'text': 'caso', 'timestamp': (0.48, 0.66)}, {'text': 'de', 'timestamp': (0.76, 0.8)}, {'text': 'operações', 'timestamp': (0.88, 1.34)}, {'text': 'muito', 'timestamp': (1.4, 1.52)}, {'text': 'gotosas', 'timestamp': (1.62, 2.52)}, {'text': 'ou', 'timestamp': (3.78, 3.82)}, {'text': 'noutros', 'timestamp': (3.9, 4.2)}, {'text': 'talento', 'timestamp': (4.28, 4.52)}];0,2727272727272727;0,2727272727272727;0,47107438016528924;0,11666666666666667
./audios/SP_DID_250_2233.1732_2234.7451.wav;2233,1732;2234,7451;bom são as modalidades que eu conheço;bom são as modalidades que eu conheço;1,5718999999999141;bom são as modalidades que eu conheço;;[{'text': 'bom', 'timestamp': (0.04, 0.12)}, {'text': 'são', 'timestamp': (0.28, 0.36)}, {'text': 'as', 'timestamp': (0.42, 0.46)}, {'text': 'modalidades', 'timestamp': (0.52, 1.02)}, {'text': 'que', 'timestamp': (1.08, 1.14)}, {'text': 'eu', 'timestamp': (1.16, 1.22)}, {'text': 'conheço', 'timestamp': (1.28, 1.52)}];0,0;0,0;0,0;0,0
./audios/SP_DID_250_2234.7451_2237.92471.wav;2234,7451;2237,92471;pode ser que haja outras... não sei;pode ser que haja outras não sei;3,179609999999684;pode ser que haja outras não sei;;[{'text': 'pode', 'timestamp': (0.1, 0.26)}, {'text': 'ser', 'timestamp': (0.34, 0.44)}, {'text': 'que', 'timestamp': (0.52, 0.6)}, {'text': 'haja', 'timestamp': (0.64, 0.84)}, {'text': 'outras', 'timestamp': (0.98, 1.28)}, {'text': 'não', 'timestamp': (2.74, 2.82)}, {'text': 'sei', 'timestamp': (2.94, 3.08)}];0,0;0,0;0,0;0,0
./audios/SP_DID_250_2247.92479_2268.64654.wav;2247,92479;2268,64654;olha aqui eu também eu vou dar uma resposta:: que eu diria um pouco:: ((risos))... aleatória... pela simples razão de que eu nunca tive carro... e:: não tenho a experiência... não tenho a experiência:::... desse caso;olha aqui eu também eu vou dar uma resposta que eu diria um pouco aleatória pela simples razão de que eu nunca tive carro e não tenho a experiência não tenho a experiência desse caso;20,721750000000156;olhe aqui também eu vou dar uma resposta que eu diria um pouco aleatória pela simples razão de que eu nunca te vi carro e não tenho a experiência não tenho a experiência desse caso;;[{'text': 'olhe', 'timestamp': (0.06, 0.24)}, {'text': 'aqui', 'timestamp': (0.44, 0.64)}, {'text': 'também', 'timestamp': (0.8, 1.04)}, {'text': 'eu', 'timestamp': (1.12, 1.18)}, {'text': 'vou', 'timestamp': (1.24, 1.34)}, {'text': 'dar', 'timestamp': (1.42, 1.52)}, {'text': 'uma', 'timestamp': (1.6, 1.68)}, {'text': 'resposta', 'timestamp': (1.82, 2.5)}, {'text': 'que', 'timestamp': (2.94, 3.0)}, {'text': 'eu', 'timestamp': (3.04, 3.1)}, {'text': 'diria', 'timestamp': (3.16, 3.54)}, {'text': 'um', 'timestamp': (3.8, 3.86)}, {'text': 'pouco', 'timestamp': (4.08, 5.18)}, {'text': 'aleatória', 'timestamp': (6.34, 7.04)}, {'text': 'pela', 'timestamp': (8.28, 8.46)}, {'text': 'simples', 'timestamp': (8.56, 8.82)}, {'text': 'razão', 'timestamp': (8.9, 9.16)}, {'text': 'de', 'timestamp': (9.24, 9.28)}, {'text': 'que', 'timestamp': (9.36, 9.44)}, {'text': 'eu', 'timestamp': (9.54, 9.6)}, {'text': 'nunca', 'timestamp': (9.68, 9.86)}, {'text': 'te', 'timestamp': (9.96, 10.0)}, {'text': 'vi', 'timestamp': (10.1, 10.18)}, {'text': 'carro', 'timestamp': (10.24, 10.54)}, {'text': 'e', 'timestamp': (11.9, 11.92)}, {'text': 'não', 'timestamp': (12.82, 12.92)}, {'text': 'tenho', 'timestamp': (13.06, 13.28)}, {'text': 'a', 'timestamp': (13.34, 13.36)}, {'text': 'experiência', 'timestamp': (13.42, 14.16)}, {'text': 'não', 'timestamp': (15.8, 15.92)}, {'text': 'tenho', 'timestamp': (16.06, 16.3)}, {'text': 'a', 'timestamp': (16.4, 16.42)}, {'text': 'experiência', 'timestamp': (16.48, 17.24)}, {'text': 'desse', 'timestamp': (18.8, 19.02)}, {'text': 'caso', 'timestamp': (19.14, 19.38)}];0,11428571428571428;0,1111111111111111;0,1640816326530613;0,038461538461538464
./audios/SP_DID_250_2270.75237_2279.29319.wav;2270,75237;2279,29319;mas... aí também pode acorrer... podem ocorrer duas hipóteses do pagamento à vista e a do pagamento a prazo;mas aí também pode acorrer podem ocorrer duas hipóteses do pagamento à vista e a do pagamento a prazo;8,540819999999712;mas aí também podem podem ocorrer duas hipóteses do pagamento à vista e do pagamento a prazo;;[{'text': 'mas', 'timestamp': (0.14, 0.42)}, {'text': 'aí', 'timestamp': (2.6, 2.68)}, {'text': 'também', 'timestamp': (2.9, 3.12)}, {'text': 'podem', 'timestamp': (3.24, 3.44)}, {'text': 'podem', 'timestamp': (4.92, 5.06)}, {'text': 'ocorrer', 'timestamp': (5.12, 5.4)}, {'text': 'duas', 'timestamp': (5.48, 5.64)}, {'text': 'hipóteses', 'timestamp': (5.7, 6.16)}, {'text': 'do', 'timestamp': (6.24, 6.3)}, {'text': 'pagamento', 'timestamp': (6.38, 6.84)}, {'text': 'à', 'timestamp': (6.94, 6.96)}, {'text': 'vista', 'timestamp': (7.06, 7.3)}, {'text': 'e', 'timestamp': (7.4, 7.42)}, {'text': 'do', 'timestamp': (7.52, 7.58)}, {'text': 'pagamento', 'timestamp': (7.64, 8.02)}, {'text': 'a', 'timestamp': (8.1, 8.12)}, {'text': 'prazo', 'timestamp': (8.22, 8.48)}];0,15789473684210525;0,15789473684210525;0,2074303405572756;0,09900990099009901
./audios/SP_DID_250_2280.94396_2287.33793.wav;2280,94396;2287,33793;o pagamento feito à vista eu creio que não deve oferecer nenhuma::... nenhuma dificuldade especial;o pagamento feito à vista eu creio que não deve oferecer nenhuma nenhuma dificuldade especial;6,393970000000081;o pagamento tento a vista eu creio que mude vaoferecer nenhuma dificuldade especial;;[{'text': 'o', 'timestamp': (0.06, 0.08)}, {'text': 'pagamento', 'timestamp': (0.12, 0.48)}, {'text': 'tento', 'timestamp': (0.56, 0.8)}, {'text': 'a', 'timestamp': (0.86, 0.88)}, {'text': 'vista', 'timestamp': (0.94, 1.16)}, {'text': 'eu', 'timestamp': (1.22, 1.32)}, {'text': 'creio', 'timestamp': (1.38, 1.58)}, {'text': 'que', 'timestamp': (1.68, 1.74)}, {'text': 'mude', 'timestamp': (1.84, 2.06)}, {'text': 'vaoferecer', 'timestamp': (2.2, 2.8)}, {'text': 'nenhuma', 'timestamp': (3.26, 5.04)}, {'text': 'dificuldade', 'timestamp': (5.12, 5.66)}, {'text': 'especial', 'timestamp': (5.74, 6.22)}];0,4;0,4;0,5846153846153846;0,1935483870967742
./audios/SP_DID_250_2288.40069_2315.81839.wav;2288,40069;2315,81839;é simplesmente... o:::... que a::... a revendedora ou a fábrica que me vende o carro... me entregue a documentação habitual... note/... perdão nota de venda... ahn:::... ahn::... sei lá fatura::s ou ou o que for... recibo quer dizer todos os documentos que comprovem... o meu pagamento;é simplesmente o que a a revendedora ou a fábrica que me vende o carro me entregue a documentação habitual note perdão nota de venda ah ah sei lá faturas ou ou o que for recibo quer dizer todos os documentos que comprovem o meu pagamento;27,417699999999968;é simplesmente que a revendedora ou a fábrica que me vende o carro me imtrede a documentação habitual no perdão nota de venda eh eh sei lá faturas ou ou o que for recibo quer dizer todos os documentos que comprarem o meu pagamento;;[{'text': 'é', 'timestamp': (0.04, 0.06)}, {'text': 'simplesmente', 'timestamp': (0.22, 0.8)}, {'text': 'que', 'timestamp': (2.82, 2.9)}, {'text': 'a', 'timestamp': (6.12, 6.14)}, {'text': 'revendedora', 'timestamp': (6.22, 6.94)}, {'text': 'ou', 'timestamp': (7.06, 7.12)}, {'text': 'a', 'timestamp': (7.2, 7.22)}, {'text': 'fábrica', 'timestamp': (7.34, 7.72)}, {'text': 'que', 'timestamp': (7.82, 7.88)}, {'text': 'me', 'timestamp': (7.94, 8.0)}, {'text': 'vende', 'timestamp': (8.06, 8.28)}, {'text': 'o', 'timestamp': (8.32, 8.34)}, {'text': 'carro', 'timestamp': (8.4, 8.66)}, {'text': 'me', 'timestamp': (9.32, 9.36)}, {'text': 'imtrede', 'timestamp': (9.44, 9.86)}, {'text': 'a', 'timestamp': (10.2, 10.22)}, {'text': 'documentação', 'timestamp': (10.32, 11.02)}, {'text': 'habitual', 'timestamp': (11.08, 11.5)}, {'text': 'no', 'timestamp': (13.36, 13.4)}, {'text': 'perdão', 'timestamp': (13.7, 13.94)}, {'text': 'nota', 'timestamp': (14.18, 14.4)}, {'text': 'de', 'timestamp': (14.48, 14.54)}, {'text': 'venda', 'timestamp': (14.64, 14.98)}, {'text': 'eh', 'timestamp': (15.96, 16.08)}, {'text': 'eh', 'timestamp': (18.5, 18.56)}, {'text': 'sei', 'timestamp': (19.32, 19.46)}, {'text': 'lá', 'timestamp': (19.5, 19.56)}, {'text': 'faturas', 'timestamp': (19.78, 20.6)}, {'text': 'ou', 'timestamp': (20.72, 20.8)}, {'text': 'ou', 'timestamp': (21.0, 21.04)}, {'text': 'o', 'timestamp': (21.08, 21.12)}, {'text': 'que', 'timestamp': (21.14, 21.22)}, {'text': 'for', 'timestamp': (21.3, 21.48)}, {'text': 'recibo', 'timestamp': (23.5, 23.94)}, {'text': 'quer', 'timestamp': (24.2, 24.3)}, {'text': 'dizer', 'timestamp': (24.34, 24.46)}, {'text': 'todos', 'timestamp': (24.58, 24.76)}, {'text': 'os', 'timestamp': (24.84, 24.88)}, {'text': 'documentos', 'timestamp': (24.94, 25.36)}, {'text': 'que', 'timestamp': (25.44, 25.52)}, {'text': 'comprarem', 'timestamp': (25.64, 26.22)}, {'text': 'o', 'timestamp': (26.68, 26.7)}, {'text': 'meu', 'timestamp': (26.78, 26.9)}, {'text': 'pagamento', 'timestamp': (26.98, 27.36)}];0,15217391304347827;0,15217391304347827;0,2485177865612649;0,05907172995780591
./audios/SP_DID_250_2316.15281_2317.91901.wav;2316,15281;2317,91901;pronto o carro está adquirido;pronto o carro está adquirido;1,7662000000000262;pronto o carro tá adquirido;;[{'text': 'pronto', 'timestamp': (0.08, 0.28)}, {'text': 'o', 'timestamp': (0.38, 0.4)}, {'text': 'carro', 'timestamp': (0.46, 0.64)}, {'text': 'tá', 'timestamp': (0.76, 0.82)}, {'text': 'adquirido', 'timestamp': (1.1, 1.58)}];0,2;0,2;0,3599999999999999;0,06896551724137931
./audios/SP_DID_250_2318.39535_2323.09968.wav;2318,39535;2323,09968;depois então trata-se de obedecer também às exigências do código de trânsito... suponho eu;depois então tratase de obedecer também às exigências do código de trânsito suponho eu;4,704330000000027;depois então trata-se de obedecer também as exigências do código de trânsito suponho;;[{'text': 'depois', 'timestamp': (0.04, 0.34)}, {'text': 'então', 'timestamp': (0.42, 0.66)}, {'text': 'trata-se', 'timestamp': (0.86, 1.28)}, {'text': 'de', 'timestamp': (1.4, 1.44)}, {'text': 'obedecer', 'timestamp': (1.52, 1.96)}, {'text': 'também', 'timestamp': (2.06, 2.26)}, {'text': 'as', 'timestamp': (2.34, 2.38)}, {'text': 'exigências', 'timestamp': (2.46, 3.0)}, {'text': 'do', 'timestamp': (3.08, 3.12)}, {'text': 'código', 'timestamp': (3.2, 3.42)}, {'text': 'de', 'timestamp': (3.5, 3.54)}, {'text': 'trânsito', 'timestamp': (3.7, 4.02)}, {'text': 'suponho', 'timestamp': (4.12, 4.5)}];0,21428571428571427;0,21428571428571427;0,3351648351648352;0,05813953488372093
./audios/SP_DID_250_2323.52499_2343.1504.wav;2323,52499;2343,1504;registrar o carro... então entra esse problema todo de de de DETRAN... e dê cê não sei o quê essa trapalhada toda... supõe-se que o sujeito que adquiriu um carro já esteja... com a sua... documentação de motorista... em ordem... ou então o motorista que vai guiar para ele já tenha CARta... e tudo mais;registrar o carro então entra esse problema todo de de de detran e dê cê não sei o quê essa trapalhada toda supõese que o sujeito que adquiriu um carro já esteja com a sua documentação de motorista em ordem ou então o motorista que vai guiar para ele já tenha carta e tudo mais;19,6254100000001;registrar o carro então entre esse problema todo de de detran e descer num sei o quê se atrapalhado a todo supõe-se que o jeito que adquiriu um carro já esteja com a sua documentação de motorista em ordem ou então o motorista que vai a pra ele já tem carta e tudo mais;;[{'text': 'registrar', 'timestamp': (0.06, 0.46)}, {'text': 'o', 'timestamp': (0.54, 0.56)}, {'text': 'carro', 'timestamp': (0.62, 0.98)}, {'text': 'então', 'timestamp': (1.62, 1.78)}, {'text': 'entre', 'timestamp': (1.88, 2.02)}, {'text': 'esse', 'timestamp': (2.08, 2.22)}, {'text': 'problema', 'timestamp': (2.26, 2.56)}, {'text': 'todo', 'timestamp': (2.72, 2.9)}, {'text': 'de', 'timestamp': (3.02, 3.08)}, {'text': 'de', 'timestamp': (3.7, 3.78)}, {'text': 'detran', 'timestamp': (3.98, 4.6)}, {'text': 'e', 'timestamp': (5.08, 5.1)}, {'text': 'descer', 'timestamp': (5.22, 5.54)}, {'text': 'num', 'timestamp': (5.58, 5.66)}, {'text': 'sei', 'timestamp': (5.72, 5.8)}, {'text': 'o', 'timestamp': (5.84, 5.86)}, {'text': 'quê', 'timestamp': (5.96, 6.02)}, {'text': 'se', 'timestamp': (6.3, 6.4)}, {'text': 'atrapalhado', 'timestamp': (6.5, 6.96)}, {'text': 'a', 'timestamp': (7.02, 7.06)}, {'text': 'todo', 'timestamp': (7.14, 7.3)}, {'text': 'supõe-se', 'timestamp': (8.92, 9.36)}, {'text': 'que', 'timestamp': (9.4, 9.48)}, {'text': 'o', 'timestamp': (9.52, 9.54)}, {'text': 'jeito', 'timestamp': (9.6, 9.76)}, {'text': 'que', 'timestamp': (9.8, 9.86)}, {'text': 'adquiriu', 'timestamp': (9.92, 10.26)}, {'text': 'um', 'timestamp': (10.32, 10.38)}, {'text': 'carro', 'timestamp': (10.46, 10.66)}, {'text': 'já', 'timestamp': (10.76, 10.82)}, {'text': 'esteja', 'timestamp': (10.88, 11.28)}, {'text': 'com', 'timestamp': (11.76, 11.82)}, {'text': 'a', 'timestamp': (11.88, 11.9)}, {'text': 'sua', 'timestamp': (12.0, 12.16)}, {'text': 'documentação', 'timestamp': (12.66, 13.28)}, {'text': 'de', 'timestamp': (13.36, 13.4)}, {'text': 'motorista', 'timestamp': (13.48, 14.04)}, {'text': 'em', 'timestamp': (14.32, 14.4)}, {'text': 'ordem', 'timestamp': (14.48, 14.76)}, {'text': 'ou', 'timestamp': (15.3, 15.34)}, {'text': 'então', 'timestamp': (15.38, 15.54)}, {'text': 'o', 'timestamp': (15.62, 15.64)}, {'text': 'motorista', 'timestamp': (15.7, 16.16)}, {'text': 'que', 'timestamp': (16.26, 16.32)}, {'text': 'vai', 'timestamp': (16.4, 16.52)}, {'text': 'a', 'timestamp': (16.68, 16.7)}, {'text': 'pra', 'timestamp': (16.82, 16.92)}, {'text': 'ele', 'timestamp': (17.0, 17.14)}, {'text': 'já', 'timestamp': (17.24, 17.3)}, {'text': 'tem', 'timestamp': (17.42, 17.58)}, {'text': 'carta', 'timestamp': (17.8, 18.24)}, {'text': 'e', 'timestamp': (18.72, 18.74)}, {'text': 'tudo', 'timestamp': (18.82, 18.96)}, {'text': 'mais', 'timestamp': (19.04, 19.28)}];0,2545454545454545;0,25;0,406060606060606;0,10108303249097472
./audios/SP_DID_250_2343.85507_2359.34129.wav;2343,85507;2359,34129;éh:: satisfeitas essas exigências lacrado o carro... ahn::... colocada a chapa... e todas as coisas que o... que o:: código de trânsito exige... código nacional de trânsito exige... não há problema;eh satisfeitas essas exigências lacrado o carro ah colocada a chapa e todas as coisas que o que o código de trânsito exige código nacional de trânsito exige não há problema;15,486219999999776;e satisfeitos dessas vigências lacrado um carro colocar da chapa e todas as coisas que o corte de trânsito existe o código nacional de trânsito exige não há problema;;[{'text': 'e', 'timestamp': (0.08, 0.1)}, {'text': 'satisfeitos', 'timestamp': (0.92, 1.4)}, {'text': 'dessas', 'timestamp': (1.44, 1.7)}, {'text': 'vigências', 'timestamp': (1.74, 2.26)}, {'text': 'lacrado', 'timestamp': (2.36, 2.8)}, {'text': 'um', 'timestamp': (2.86, 2.92)}, {'text': 'carro', 'timestamp': (3.0, 3.32)}, {'text': 'colocar', 'timestamp': (5.56, 5.9)}, {'text': 'da', 'timestamp': (5.98, 6.04)}, {'text': 'chapa', 'timestamp': (6.16, 6.58)}, {'text': 'e', 'timestamp': (7.38, 7.4)}, {'text': 'todas', 'timestamp': (7.56, 7.8)}, {'text': 'as', 'timestamp': (7.9, 7.96)}, {'text': 'coisas', 'timestamp': (8.06, 8.32)}, {'text': 'que', 'timestamp': (9.3, 9.4)}, {'text': 'o', 'timestamp': (9.48, 9.5)}, {'text': 'corte', 'timestamp': (9.78, 10.02)}, {'text': 'de', 'timestamp': (10.08, 10.14)}, {'text': 'trânsito', 'timestamp': (10.22, 10.5)}, {'text': 'existe', 'timestamp': (10.6, 10.92)}, {'text': 'o', 'timestamp': (11.3, 11.32)}, {'text': 'código', 'timestamp': (11.38, 11.68)}, {'text': 'nacional', 'timestamp': (11.84, 12.14)}, {'text': 'de', 'timestamp': (12.18, 12.24)}, {'text': 'trânsito', 'timestamp': (12.34, 12.78)}, {'text': 'exige', 'timestamp': (12.88, 13.26)}, {'text': 'não', 'timestamp': (14.76, 14.86)}, {'text': 'há', 'timestamp': (14.9, 14.94)}, {'text': 'problema', 'timestamp': (15.04, 15.36)}];0,41935483870967744;0,40625;0,5984427141268076;0,16279069767441862
./audios/SP_DID_250_2359.34129_2367.24741.wav;2359,34129;2367,24741;agora se ele adquirir a prazo... aí eu acho que as cautelas são mais até... de quem vende do que de quem compra não é?;agora se ele adquirir a prazo aí eu acho que as cautelas são mais até de quem vende do que de quem compra não é;7,906120000000101;agora se ele adquirir a prazo aí eu acho que as cautelas são mais até de quem vende do que de quem compra né;;[{'text': 'agora', 'timestamp': (0.06, 0.26)}, {'text': 'se', 'timestamp': (0.38, 0.5)}, {'text': 'ele', 'timestamp': (0.52, 0.62)}, {'text': 'adquirir', 'timestamp': (0.66, 1.06)}, {'text': 'a', 'timestamp': (1.16, 1.18)}, {'text': 'prazo', 'timestamp': (1.28, 1.7)}, {'text': 'aí', 'timestamp': (2.98, 3.06)}, {'text': 'eu', 'timestamp': (3.18, 3.24)}, {'text': 'acho', 'timestamp': (3.3, 3.46)}, {'text': 'que', 'timestamp': (3.54, 3.62)}, {'text': 'as', 'timestamp': (3.66, 3.72)}, {'text': 'cautelas', 'timestamp': (3.8, 4.24)}, {'text': 'são', 'timestamp': (4.32, 4.4)}, {'text': 'mais', 'timestamp': (4.48, 4.68)}, {'text': 'até', 'timestamp': (4.76, 4.96)}, {'text': 'de', 'timestamp': (5.52, 5.56)}, {'text': 'quem', 'timestamp': (5.68, 5.82)}, {'text': 'vende', 'timestamp': (5.98, 6.24)}, {'text': 'do', 'timestamp': (6.36, 6.42)}, {'text': 'que', 'timestamp': (6.5, 6.58)}, {'text': 'de', 'timestamp': (6.74, 6.8)}, {'text': 'quem', 'timestamp': (6.88, 7.04)}, {'text': 'compra', 'timestamp': (7.26, 7.62)}, {'text': 'né', 'timestamp': (7.68, 7.8)}];0,08;0,08;0,11833333333333329;0,02702702702702703
./audios/SP_DID_250_2367.54979_2375.29516.wav;2367,54979;2375,29516;mas são as... são o::... os títulos as... promissórias os... o:: ou o que for... que devem de estar em ordem;mas são as são o os títulos as promissórias os o ou o que for que devem de estar em ordem;7,745370000000094;mas são as que são os títulos as promissórias ou o que for que devem estar em ordem;;[{'text': 'mas', 'timestamp': (0.08, 0.24)}, {'text': 'são', 'timestamp': (0.34, 0.54)}, {'text': 'as', 'timestamp': (0.74, 0.84)}, {'text': 'que', 'timestamp': (1.02, 1.1)}, {'text': 'são', 'timestamp': (1.24, 1.38)}, {'text': 'os', 'timestamp': (2.4, 2.48)}, {'text': 'títulos', 'timestamp': (2.58, 3.0)}, {'text': 'as', 'timestamp': (3.1, 3.16)}, {'text': 'promissórias', 'timestamp': (3.28, 4.14)}, {'text': 'ou', 'timestamp': (5.24, 5.28)}, {'text': 'o', 'timestamp': (5.32, 5.34)}, {'text': 'que', 'timestamp': (5.38, 5.46)}, {'text': 'for', 'timestamp': (5.6, 5.76)}, {'text': 'que', 'timestamp': (6.38, 6.46)}, {'text': 'devem', 'timestamp': (6.58, 6.82)}, {'text': 'estar', 'timestamp': (7.0, 7.22)}, {'text': 'em', 'timestamp': (7.28, 7.32)}, {'text': 'ordem', 'timestamp': (7.42, 7.68)}];0,23809523809523808;0,22727272727272727;0,23544973544973546;0,14606741573033707
./audios/SP_DID_250_21.16387_21.36585.wav;21,16387;21,36585;bem;bem;0,20197999999999894;veio;;[{'text': 'veio', 'timestamp': (1.02, 1.32)}];1,0;1,0;1,0;1,0
./audios/SP_DID_250_21.36585_23.40198.wav;21,36585;23,40198;eu:: na realidade conheço pouco;eu na realidade conheço pouco;2,03613;eu na realidade conheço um pouco;;[{'text': 'eu', 'timestamp': (0.14, 0.24)}, {'text': 'na', 'timestamp': (0.48, 0.54)}, {'text': 'realidade', 'timestamp': (0.64, 1.14)}, {'text': 'conheço', 'timestamp': (1.34, 1.64)}, {'text': 'um', 'timestamp': (1.7, 1.74)}, {'text': 'pouco', 'timestamp': (1.84, 2.0)}];0,2;0,16666666666666666;0,16666666666666663;0,10344827586206896
./audios/SP_DID_250_24.69319_25.71341.wav;24,69319;25,71341;porque inclusive;porque inclusive;1,0202199999999984;porque inclusive;;[{'text': 'porque', 'timestamp': (0.02, 0.22)}, {'text': 'inclusive', 'timestamp': (0.3, 0.82)}];0,0;0,0;0,0;0,0
./audios/SP_DID_250_26.54233_27.22779.wav;26,54233;27,22779;éh::;eh;0,6854599999999991;ah;;[{'text': 'ah', 'timestamp': (1.08, 1.2)}];1,0;1,0;1,0;0,5
./audios/SP_DID_250_27.74587_29.28569.wav;27,74587;29,28569;nunca tive muito dinheiro;nunca tive muito dinheiro;1,5398199999999989;nunca tive muito dinheiro;;[{'text': 'nunca', 'timestamp': (0.1, 0.34)}, {'text': 'tive', 'timestamp': (0.5, 0.7)}, {'text': 'muito', 'timestamp': (0.8, 0.98)}, {'text': 'dinheiro', 'timestamp': (1.08, 1.46)}];0,0;0,0;0,0;0,0
./audios/SP_DID_250_30.03046_31.31979.wav;30,03046;31,31979;de maneira que SÓ;de maneira que só;1,2893299999999996;e no feminino e que só;;[{'text': 'e', 'timestamp': (0.04, 0.06)}, {'text': 'no', 'timestamp': (0.12, 0.18)}, {'text': 'feminino', 'timestamp': (0.22, 0.52)}, {'text': 'e', 'timestamp': (0.58, 0.6)}, {'text': 'que', 'timestamp': (0.7, 0.78)}, {'text': 'só', 'timestamp': (1.0, 1.08)}];1,0;0,6666666666666666;0,8333333333333334;0,7058823529411765
./audios/SP_DID_250_31.83163_33.1404.wav;31,83163;33,1404;os que têm muito;os que têm muito;1,308769999999999;por que tem muito;;[{'text': 'por', 'timestamp': (0.02, 0.08)}, {'text': 'que', 'timestamp': (0.24, 0.32)}, {'text': 'tem', 'timestamp': (0.5, 0.68)}, {'text': 'muito', 'timestamp': (0.84, 1.2)}];0,5;0,5;0,75;0,1875
./audios/SP_DID_250_34.85735_35.44171.wav;34,85735;35,44171;ou::;ou;0,5843600000000038;o;;[{'text': 'o', 'timestamp': (1.06, 1.08)}];1,0;1,0;1,0;0,5
./audios/SP_DID_250_36.05074_37.79361.wav;36,05074;37,79361;os que estão diretamente envolvidos;os que estão diretamente envolvidos;1,7428700000000035;estão diretamente envolvidos;;[{'text': 'estão', 'timestamp': (0.1, 0.32)}, {'text': 'diretamente', 'timestamp': (0.42, 0.98)}, {'text': 'envolvidos', 'timestamp': (1.1, 1.66)}];0,4;0,4;0,4;0,2
./audios/SP_DID_250_39.65957_40.38523.wav;39,65957;40,38523;no::;no;0,7256599999999978;no;;[{'text': 'no', 'timestamp': (1.16, 1.24)}];0,0;0,0;0,0;0,0
./audios/SP_DID_250_40.75578_42.18117.wav;40,75578;42,18117;nesse ramo de atividades é que;nesse ramo de atividades é que;1,4253900000000002;nesse ramo de atividade que;;[{'text': 'nesse', 'timestamp': (0.04, 0.26)}, {'text': 'ramo', 'timestamp': (0.36, 0.5)}, {'text': 'de', 'timestamp': (0.54, 0.6)}, {'text': 'atividade', 'timestamp': (0.62, 1.12)}, {'text': 'que', 'timestamp': (1.28, 1.34)}];0,3333333333333333;0,3333333333333333;0,4666666666666667;0,1
./audios/SP_DID_250_42.39498_42.99753.wav;42,39498;42,99753;teriam::;teriam;0,6025500000000008;seria um;;[{'text': 'seria', 'timestamp': (1.0, 1.3)}, {'text': 'um', 'timestamp': (1.4, 1.48)}];2,0;1,0;1,0;0,5
./audios/SP_DID_250_43.76854_44.78575.wav;43,76854;44,78575;mais coisas a dizer;mais coisas a dizer;1,0172099999999986;mais coisas a dizer;;[{'text': 'mais', 'timestamp': (0.04, 0.18)}, {'text': 'coisas', 'timestamp': (0.3, 0.54)}, {'text': 'a', 'timestamp': (0.62, 0.64)}, {'text': 'dizer', 'timestamp': (0.7, 0.94)}];0,0;0,0;0,0;0,0
./audios/SP_DID_250_45.71163_47.08519.wav;45,71163;47,08519;na realidade minha família;na realidade minha família;1,3735599999999977;na realidade a minha família;;[{'text': 'na', 'timestamp': (0.04, 0.1)}, {'text': 'realidade', 'timestamp': (0.18, 0.62)}, {'text': 'a', 'timestamp': (0.7, 0.72)}, {'text': 'minha', 'timestamp': (0.76, 0.88)}, {'text': 'família', 'timestamp': (0.96, 1.3)}];0,25;0,2;0,19999999999999996;0,07692307692307693
./audios/SP_DID_250_47.64239_50.11091.wav;47,64239;50,11091;que por tradição é uma família de bacharéis;que por tradição é uma família de bacharéis;2,468519999999998;e por tradição é uma família de passaré;;[{'text': 'e', 'timestamp': (0.04, 0.08)}, {'text': 'por', 'timestamp': (0.16, 0.26)}, {'text': 'tradição', 'timestamp': (0.34, 0.78)}, {'text': 'é', 'timestamp': (0.9, 0.92)}, {'text': 'uma', 'timestamp': (1.0, 1.08)}, {'text': 'família', 'timestamp': (1.2, 1.56)}, {'text': 'de', 'timestamp': (1.68, 1.72)}, {'text': 'passaré', 'timestamp': (1.92, 2.3)}];0,25;0,25;0,4375;0,16279069767441862
./audios/SP_DID_250_51.32249_51.80842.wav;51,32249;51,80842;em Direito;em direito;0,4859299999999962;com direito;;[{'text': 'com', 'timestamp': (1.02, 1.12)}, {'text': 'direito', 'timestamp': (1.2, 1.54)}];0,5;0,5;0,75;0,2
./audios/SP_DID_250_52.29559_53.20266.wav;52,29559;53,20266;meu pai o era;meu pai o era;0,9070700000000045;meu pai o era;;[{'text': 'meu', 'timestamp': (1.04, 1.14)}, {'text': 'pai', 'timestamp': (1.24, 1.42)}, {'text': 'o', 'timestamp': (1.5, 1.52)}, {'text': 'era', 'timestamp': (1.6, 1.78)}];0,0;0,0;0,0;0,0
./audios/SP_DID_250_54.0255_55.47681.wav;54,0255;55,47681;meu irmão mais velho também;meu irmão mais velho também;1,4513099999999994;meu irmão mais velho também;;[{'text': 'meu', 'timestamp': (0.06, 0.16)}, {'text': 'irmão', 'timestamp': (0.22, 0.38)}, {'text': 'mais', 'timestamp': (0.46, 0.62)}, {'text': 'velho', 'timestamp': (0.7, 0.88)}, {'text': 'também', 'timestamp': (1.0, 1.32)}];0,0;0,0;0,0;0,0
./audios/SP_DID_250_56.18302_56.63656.wav;56,18302;56,63656;e eu;e eu;0,45354000000000383;e eu;;[{'text': 'e', 'timestamp': (1.04, 1.06)}, {'text': 'eu', 'timestamp': (1.16, 1.26)}];0,0;0,0;0,0;0,0
./audios/SP_DID_250_57.20024_59.87733.wav;57,20024;59,87733;antes de me licenciar em História pela;antes de me licenciar em história pela;2,6770899999999997;antes de me licenciar em história pela;;[{'text': 'antes', 'timestamp': (0.06, 0.26)}, {'text': 'de', 'timestamp': (0.32, 0.38)}, {'text': 'me', 'timestamp': (0.46, 0.5)}, {'text': 'licenciar', 'timestamp': (0.58, 1.18)}, {'text': 'em', 'timestamp': (1.68, 1.74)}, {'text': 'história', 'timestamp': (1.8, 2.18)}, {'text': 'pela', 'timestamp': (2.34, 2.52)}];0,0;0,0;0,0;0,0
./audios/SP_DID_250_60.55115_61.65259.wav;60,55115;61,65259;Universidade de São Paulo;universidade de são paulo;1,1014399999999966;universidade de são paulo;;[{'text': 'universidade', 'timestamp': (0.06, 0.5)}, {'text': 'de', 'timestamp': (0.56, 0.6)}, {'text': 'são', 'timestamp': (0.66, 0.76)}, {'text': 'paulo', 'timestamp': (0.88, 1.04)}];0,0;0,0;0,0;0,0
./audios/SP_DID_250_62.33937_62.84473.wav;62,33937;62,84473;também;também;0,505359999999996;também;;[{'text': 'também', 'timestamp': (0.98, 1.36)}];0,0;0,0;0,0;0,0
./audios/SP_DID_250_63.80363_67.91908.wav;63,80363;67,91908;me:: diplomei em Ciências Jurídicas e Sociais como eles dizem;me diplomei em ciências jurídicas e sociais como eles dizem;4,115449999999996;me diplomei em ciências jurídicas e sociais como eles dizem;;[{'text': 'me', 'timestamp': (0.14, 0.2)}, {'text': 'diplomei', 'timestamp': (0.8, 1.32)}, {'text': 'em', 'timestamp': (1.6, 1.68)}, {'text': 'ciências', 'timestamp': (1.84, 2.2)}, {'text': 'jurídicas', 'timestamp': (2.28, 2.76)}, {'text': 'e', 'timestamp': (2.8, 2.82)}, {'text': 'sociais', 'timestamp': (2.9, 3.3)}, {'text': 'como', 'timestamp': (3.36, 3.48)}, {'text': 'eles', 'timestamp': (3.52, 3.68)}, {'text': 'dizem', 'timestamp': (3.74, 4.02)}];0,0;0,0;0,0;0,0
./audios/SP_DID_250_68.33186_69.29323.wav;68,33186;69,29323;está escrito no diploma;está escrito no diploma;0,9613699999999881;a escreve no diploma;;[{'text': 'a', 'timestamp': (1.06, 1.08)}, {'text': 'escreve', 'timestamp': (1.14, 1.46)}, {'text': 'no', 'timestamp': (1.48, 1.52)}, {'text': 'diploma', 'timestamp': (1.6, 1.9)}];0,5;0,5;0,75;0,30434782608695654
./audios/SP_DID_250_70.29263_72.09694.wav;70,29263;72,09694;mas tive um irmão que trabalhou em banco;mas tive um irmão que trabalhou em banco;1,804310000000001;mas tive um irmão que trabalhou em ban;;[{'text': 'mas', 'timestamp': (0.04, 0.14)}, {'text': 'tive', 'timestamp': (0.24, 0.4)}, {'text': 'um', 'timestamp': (0.52, 0.58)}, {'text': 'irmão', 'timestamp': (0.64, 0.82)}, {'text': 'que', 'timestamp': (0.9, 0.96)}, {'text': 'trabalhou', 'timestamp': (1.08, 1.46)}, {'text': 'em', 'timestamp': (1.52, 1.56)}, {'text': 'ban', 'timestamp': (1.62, 1.7)}];0,125;0,125;0,234375;0,05
./audios/SP_DID_250_73.27143_73.67053.wav;73,27143;73,67053;quer dizer ;quer dizer;0,39910000000000423;prever;;[{'text': 'prever', 'timestamp': (0.98, 1.28)}];1,0;1,0;1,0;0,7
./audios/SP_DID_250_73.67053_74.29799.wav;73,67053;74,29799;aPEnas;apenas;0,6274599999999992;apenas;;[{'text': 'apenas', 'timestamp': (1.04, 1.58)}];0,0;0,0;0,0;0,0
./audios/SP_DID_250_75.41688_76.78667.wav;75,41688;76,78667;no grau de funcionário;no grau de funcionário;1,3697899999999947;no grau de funcionário;;[{'text': 'no', 'timestamp': (0.1, 0.16)}, {'text': 'grau', 'timestamp': (0.26, 0.44)}, {'text': 'de', 'timestamp': (0.52, 0.58)}, {'text': 'funcionário', 'timestamp': (0.7, 1.3)}];0,0;0,0;0,0;0,0
./audios/SP_DID_250_77.97074_79.39923.wav;77,97074;79,39923;onde adquiriu muito renome;onde adquiriu muito renome;1,4284899999999965;onde adquiriu muito renome;;[{'text': 'onde', 'timestamp': (0.06, 0.18)}, {'text': 'adquiriu', 'timestamp': (0.28, 0.66)}, {'text': 'muito', 'timestamp': (0.76, 0.92)}, {'text': 'renome', 'timestamp': (1.04, 1.36)}];0,0;0,0;0,0;0,0
./audios/SP_DID_250_80.51269_81.524.wav;80,51269;81,524;chamava-se Mário;chamavase mário;1,0113099999999946;chamava se mário;;[{'text': 'chamava', 'timestamp': (0.04, 0.3)}, {'text': 'se', 'timestamp': (0.42, 0.48)}, {'text': 'mário', 'timestamp': (0.58, 0.92)}];1,0;0,6666666666666666;0,8333333333333334;0,06666666666666667
./audios/SP_DID_250_81.62719_82.72979.wav;81,62719;82,72979;esse meu irmão Mário;esse meu irmão mário;1,1025999999999954;esse meu irmão mário;;[{'text': 'esse', 'timestamp': (0.06, 0.24)}, {'text': 'meu', 'timestamp': (0.28, 0.34)}, {'text': 'irmão', 'timestamp': (0.4, 0.6)}, {'text': 'mário', 'timestamp': (0.74, 1.04)}];0,0;0,0;0,0;0,0
./audios/SP_DID_250_83.00137_83.89214.wav;83,00137;83,89214;de Andrade e Silva;de andrade e silva;0,8907700000000034;de andrade e silva;;[{'text': 'de', 'timestamp': (1.02, 1.06)}, {'text': 'andrade', 'timestamp': (1.1, 1.42)}, {'text': 'e', 'timestamp': (1.5, 1.52)}, {'text': 'silva', 'timestamp': (1.64, 1.88)}];0,0;0,0;0,0;0,0
./audios/SP_DID_250_85.64109_86.46772.wav;85,64109;86,46772;éh::;eh;0,8266299999999944;e;;[{'text': 'e', 'timestamp': (1.08, 1.1)}];1,0;1,0;1,0;0,5
./audios/SP_DID_250_87.56489_89.23779.wav;87,56489;89,23779;embora no tempo dele tenha si/;embora no tempo dele tenha si;1,6728999999999985;embora no tempo dele tinha;;[{'text': 'embora', 'timestamp': (0.1, 0.36)}, {'text': 'no', 'timestamp': (0.42, 0.48)}, {'text': 'tempo', 'timestamp': (0.54, 0.7)}, {'text': 'dele', 'timestamp': (0.78, 0.94)}, {'text': 'tinha', 'timestamp': (1.06, 1.22)}];0,3333333333333333;0,3333333333333333;0,4666666666666667;0,13793103448275862
./audios/SP_DID_250_89.53653_90.89002.wav;89,53653;90,89002;sido mais célebre como;sido mais célebre como;1,3534900000000079;sido mais célebre como;;[{'text': 'sido', 'timestamp': (0.1, 0.18)}, {'text': 'mais', 'timestamp': (0.24, 0.4)}, {'text': 'célebre', 'timestamp': (0.56, 0.88)}, {'text': 'como', 'timestamp': (1.0, 1.18)}];0,0;0,0;0,0;0,0
./audios/SP_DID_250_91.66673_92.57379.wav;91,66673;92,57379;futebolista;futebolista;0,9070600000000013;a futebolista;;[{'text': 'a', 'timestamp': (1.04, 1.06)}, {'text': 'futebolista', 'timestamp': (1.2, 1.84)}];1,0;0,5;0,5;0,18181818181818182
./audios/SP_DID_250_92.71501_93.19841.wav;92,71501;93,19841;amador;amador;0,48339999999998895;amador;;[{'text': 'amador', 'timestamp': (1.02, 1.38)}];0,0;0,0;0,0;0,0
./audios/SP_DID_250_93.38852_95.95324.wav;93,38852;95,95324;no Clube Atlético Paulistano do que como funcionário de banco;no clube atlético paulistano do que como funcionário de banco;2,564719999999994;o clube atleta paulistano do que como funcionário de banco;;[{'text': 'o', 'timestamp': (0.06, 0.08)}, {'text': 'clube', 'timestamp': (0.14, 0.3)}, {'text': 'atleta', 'timestamp': (0.34, 0.64)}, {'text': 'paulistano', 'timestamp': (0.78, 1.26)}, {'text': 'do', 'timestamp': (1.36, 1.4)}, {'text': 'que', 'timestamp': (1.46, 1.52)}, {'text': 'como', 'timestamp': (1.6, 1.7)}, {'text': 'funcionário', 'timestamp': (1.82, 2.24)}, {'text': 'de', 'timestamp': (2.28, 2.32)}, {'text': 'banco', 'timestamp': (2.38, 2.52)}];0,2;0,2;0,3599999999999999;0,08196721311475409
./audios/SP_DID_250_96.50182_98.63125.wav;96,50182;98,63125;mas em todo caso foi funcionário do Banco Comercial;mas em todo caso foi funcionário do banco comercial;2,1294299999999993;mas em todo caso foi funcionário do banco comercial;;[{'text': 'mas', 'timestamp': (0.02, 0.12)}, {'text': 'em', 'timestamp': (0.16, 0.2)}, {'text': 'todo', 'timestamp': (0.24, 0.38)}, {'text': 'caso', 'timestamp': (0.42, 0.54)}, {'text': 'foi', 'timestamp': (0.68, 0.78)}, {'text': 'funcionário', 'timestamp': (0.88, 1.3)}, {'text': 'do', 'timestamp': (1.34, 1.38)}, {'text': 'banco', 'timestamp': (1.44, 1.58)}, {'text': 'comercial', 'timestamp': (1.64, 2.02)}];0,0;0,0;0,0;0,0
./audios/SP_DID_250_99.66224_100.30606.wav;99,66224;100,30606;e::;e;0,6438200000000052;e;;[{'text': 'e', 'timestamp': (1.08, 1.1)}];0,0;0,0;0,0;0,0
./audios/SP_DID_250_101.42498_101.86011.wav;101,42498;101,86011;agora;agora;0,4351300000000009;agora;;[{'text': 'agora', 'timestamp': (1.04, 1.34)}];0,0;0,0;0,0;0,0
./audios/SP_DID_250_102.84139_104.2819.wav;102,84139;104,2819;o que eu conheço de bancos;o que eu conheço de bancos;1,440509999999989;o que eu conheço de bancos;;[{'text': 'o', 'timestamp': (0.08, 0.1)}, {'text': 'que', 'timestamp': (0.18, 0.24)}, {'text': 'eu', 'timestamp': (0.3, 0.34)}, {'text': 'conheço', 'timestamp': (0.4, 0.74)}, {'text': 'de', 'timestamp': (0.82, 0.88)}, {'text': 'bancos', 'timestamp': (0.96, 1.34)}];0,0;0,0;0,0;0,0
./audios/SP_DID_250_105.40526_107.545.wav;105,40526;107,545;deriva simplesmente do trato;deriva simplesmente do trato;2,1397400000000033;deriva simplesmente do trato;;[{'text': 'deriva', 'timestamp': (0.08, 0.42)}, {'text': 'simplesmente', 'timestamp': (0.56, 1.14)}, {'text': 'do', 'timestamp': (1.32, 1.38)}, {'text': 'trato', 'timestamp': (1.58, 1.98)}];0,0;0,0;0,0;0,0
./audios/SP_DID_250_108.12666_108.7394.wav;108,12666;108,7394;normal;normal;0,6127400000000023;normal;;[{'text': 'normal', 'timestamp': (1.08, 1.46)}];0,0;0,0;0,0;0,0
./audios/SP_DID_250_109.29886_110.02789.wav;109,29886;110,02789;entre um;entre um;0,7290299999999945;entre um;;[{'text': 'entre', 'timestamp': (1.08, 1.36)}, {'text': 'um', 'timestamp': (1.5, 1.58)}];0,0;0,0;0,0;0,0
./audios/SP_DID_250_110.23658_111.4665.wav;110,23658;111,4665;peQUEno depositante;pequeno depositante;1,2299199999999928;pequeno depositar;;[{'text': 'pequeno', 'timestamp': (0.06, 0.42)}, {'text': 'depositar', 'timestamp': (0.54, 1.18)}];0,5;0,5;0,75;0,15789473684210525
./audios/SP_DID_250_111.85279_112.22577.wav;111,85279;112,22577;que eu sou;que eu sou;0,3729799999999983;eu sou;;[{'text': 'eu', 'timestamp': (1.04, 1.1)}, {'text': 'sou', 'timestamp': (1.2, 1.3)}];0,3333333333333333;0,3333333333333333;0,33333333333333337;0,4
./audios/SP_DID_250_112.90955_115.22261.wav;112,90955;115,22261;porque a gente tem que guardar o dinheiro em algum lugar;porque a gente tem que guardar o dinheiro em algum lugar;2,313060000000007;e a gente tem que guardar o dinheiro em algum lugar;;[{'text': 'e', 'timestamp': (0.04, 0.06)}, {'text': 'a', 'timestamp': (0.1, 0.12)}, {'text': 'gente', 'timestamp': (0.16, 0.3)}, {'text': 'tem', 'timestamp': (0.34, 0.44)}, {'text': 'que', 'timestamp': (0.48, 0.56)}, {'text': 'guardar', 'timestamp': (0.66, 1.08)}, {'text': 'o', 'timestamp': (1.2, 1.22)}, {'text': 'dinheiro', 'timestamp': (1.32, 1.64)}, {'text': 'em', 'timestamp': (1.72, 1.76)}, {'text': 'algum', 'timestamp': (1.84, 2.02)}, {'text': 'lugar', 'timestamp': (2.08, 2.26)}];0,09090909090909091;0,09090909090909091;0,17355371900826455;0,08928571428571429
./audios/SP_DID_250_116.42482_118.85222.wav;116,42482;118,85222;começa que a Universidade já nos paga;começa que a universidade já nos paga;2,4274000000000058;começa que a universidade já nos paga;;[{'text': 'começa', 'timestamp': (0.06, 0.4)}, {'text': 'que', 'timestamp': (0.5, 0.6)}, {'text': 'a', 'timestamp': (0.62, 0.64)}, {'text': 'universidade', 'timestamp': (0.7, 1.4)}, {'text': 'já', 'timestamp': (1.58, 1.64)}, {'text': 'nos', 'timestamp': (1.8, 1.9)}, {'text': 'paga', 'timestamp': (2.02, 2.3)}];0,0;0,0;0,0;0,0
./audios/SP_DID_250_119.39232_121.83105.wav;119,39232;121,83105; Obrigatoriamente pelo Banco do Estado de São Paulo;obrigatoriamente pelo banco do estado de são paulo;2,4387300000000067;obrigatoriamente pelo banco do estado de são paulo;;[{'text': 'obrigatoriamente', 'timestamp': (0.08, 0.86)}, {'text': 'pelo', 'timestamp': (1.04, 1.18)}, {'text': 'banco', 'timestamp': (1.28, 1.46)}, {'text': 'do', 'timestamp': (1.54, 1.58)}, {'text': 'estado', 'timestamp': (1.64, 1.9)}, {'text': 'de', 'timestamp': (1.96, 2.0)}, {'text': 'são', 'timestamp': (2.06, 2.16)}, {'text': 'paulo', 'timestamp': (2.24, 2.4)}];0,0;0,0;0,0;0,0
./audios/SP_DID_250_123.10584_123.61475.wav;123,10584;123,61475;então;então;0,5089100000000002;então;;[{'text': 'então', 'timestamp': (1.06, 1.38)}];0,0;0,0;0,0;0,0
./audios/SP_DID_250_124.19013_125.03159.wav;124,19013;125,03159;éh::;eh;0,8414599999999979;ah;;[{'text': 'ah', 'timestamp': (1.06, 1.26)}];1,0;1,0;1,0;0,5
./audios/SP_DID_250_125.49011_127.6138.wav;125,49011;127,6138;esse é o tipo de relacionamento que eu tenho com banco;esse é o tipo de relacionamento que eu tenho com banco;2,1236899999999963;esse é o tipo de relacionamento que eu tenho com o banco;;[{'text': 'esse', 'timestamp': (0.06, 0.22)}, {'text': 'é', 'timestamp': (0.28, 0.3)}, {'text': 'o', 'timestamp': (0.32, 0.36)}, {'text': 'tipo', 'timestamp': (0.4, 0.54)}, {'text': 'de', 'timestamp': (0.58, 0.64)}, {'text': 'relacionamento', 'timestamp': (0.7, 1.2)}, {'text': 'que', 'timestamp': (1.28, 1.34)}, {'text': 'eu', 'timestamp': (1.36, 1.42)}, {'text': 'tenho', 'timestamp': (1.46, 1.6)}, {'text': 'com', 'timestamp': (1.64, 1.72)}, {'text': 'o', 'timestamp': (1.78, 1.8)}, {'text': 'banco', 'timestamp': (1.84, 2.0)}];0,09090909090909091;0,08333333333333333;0,08333333333333337;0,037037037037037035
./audios/SP_DID_250_128.52771_132.93647.wav;128,52771;132,93647;eventualmente tive:: também:: a um::: um vez por outra;eventualmente tive também a um um vez por outra;4,408760000000001;eventualmente teve também um vez por outra;;[{'text': 'eventualmente', 'timestamp': (0.06, 0.74)}, {'text': 'teve', 'timestamp': (0.92, 1.16)}, {'text': 'também', 'timestamp': (1.68, 2.02)}, {'text': 'um', 'timestamp': (2.7, 2.78)}, {'text': 'vez', 'timestamp': (3.56, 3.72)}, {'text': 'por', 'timestamp': (3.82, 3.94)}, {'text': 'outra', 'timestamp': (4.0, 4.28)}];0,3333333333333333;0,3333333333333333;0,4285714285714286;0,1276595744680851
./audios/SP_DID_250_133.41195_135.21914.wav;133,41195;135,21914;a necessidade de::;a necessidade de;1,8071900000000198;a necessidade de;;[{'text': 'a', 'timestamp': (0.06, 0.08)}, {'text': 'necessidade', 'timestamp': (0.3, 0.96)}, {'text': 'de', 'timestamp': (1.14, 1.2)}];0,0;0,0;0,0;0,0
./audios/SP_DID_250_135.80022_138.91807.wav;135,80022;138,91807;um pequeno empréstimo então recorri a bancos;um pequeno empréstimo então recorri a bancos;3,1178500000000042;um pequeno empréstimo então recorri a banco;;[{'text': 'um', 'timestamp': (0.06, 0.12)}, {'text': 'pequeno', 'timestamp': (0.22, 0.5)}, {'text': 'empréstimo', 'timestamp': (0.58, 1.18)}, {'text': 'então', 'timestamp': (1.34, 1.62)}, {'text': 'recorri', 'timestamp': (2.14, 2.46)}, {'text': 'a', 'timestamp': (2.54, 2.58)}, {'text': 'banco', 'timestamp': (2.68, 2.98)}];0,14285714285714285;0,14285714285714285;0,26530612244897966;0,022727272727272728
./audios/SP_DID_250_139.49381_141.06214.wav;139,49381;141,06214;e vi como eles são exigentes;e vi como eles são exigentes;1,568330000000003;e ver como eles são exigentes;;[{'text': 'e', 'timestamp': (0.04, 0.06)}, {'text': 'ver', 'timestamp': (0.16, 0.24)}, {'text': 'como', 'timestamp': (0.34, 0.46)}, {'text': 'eles', 'timestamp': (0.5, 0.64)}, {'text': 'são', 'timestamp': (0.7, 0.78)}, {'text': 'exigentes', 'timestamp': (0.88, 1.52)}];0,16666666666666666;0,16666666666666666;0,30555555555555547;0,07142857142857142
./audios/SP_DID_250_142.04303_142.83734.wav;142,04303;142,83734;para emprestar;para emprestar;0,7943100000000243;para emprestar;;[{'text': 'para', 'timestamp': (1.0, 1.14)}, {'text': 'emprestar', 'timestamp': (1.2, 1.66)}];0,0;0,0;0,0;0,0
./audios/SP_DID_250_144.38332_146.38726.wav;144,38332;146,38726;e muito mais:: PRÁticos;e muito mais práticos;2,00394;e muito mais práticos;;[{'text': 'e', 'timestamp': (0.04, 0.06)}, {'text': 'muito', 'timestamp': (0.14, 0.34)}, {'text': 'mais', 'timestamp': (0.44, 0.9)}, {'text': 'práticos', 'timestamp': (1.18, 1.82)}];0,0;0,0;0,0;0,0
./audios/SP_DID_250_148.77019_152.52808.wav;148,77019;152,52808;a:: no:: que tange a:: receber depósitos;a no que tange a receber depósitos;3,757889999999975;a nuk tange a receber depósito;;[{'text': 'a', 'timestamp': (0.2, 0.22)}, {'text': 'nuk', 'timestamp': (0.78, 1.22)}, {'text': 'tange', 'timestamp': (1.5, 1.88)}, {'text': 'a', 'timestamp': (2.0, 2.02)}, {'text': 'receber', 'timestamp': (2.54, 3.12)}, {'text': 'depósito', 'timestamp': (3.24, 3.72)}];0,42857142857142855;0,42857142857142855;0,6190476190476191;0,14705882352941177
./audios/SP_DID_250_153.23998_153.47452.wav;153,23998;153,47452;quer dizer;quer dizer;0,23454000000000974;você vê de;;[{'text': 'você', 'timestamp': (0.88, 1.04)}, {'text': 'vê', 'timestamp': (1.1, 1.16)}, {'text': 'de', 'timestamp': (1.22, 1.28)}];1,5;1,0;1,0;0,9
./audios/SP_DID_250_153.47452_154.45956.wav;153,47452;154,45956;eles recebem;eles recebem;0,9850399999999979;eles recebem o;;[{'text': 'eles', 'timestamp': (1.04, 1.22)}, {'text': 'recebem', 'timestamp': (1.32, 1.88)}, {'text': 'o', 'timestamp': (2.12, 2.14)}];0,5;0,3333333333333333;0,33333333333333337;0,16666666666666666
./audios/SP_DID_250_154.76856_156.84419.wav;154,76856;156,84419; o dinheiro da gente é com extrema facilidade;o dinheiro da gente é com extrema facilidade;2,0756299999999896;o dinheiro da gente é com extrema facilidade;;[{'text': 'o', 'timestamp': (0.06, 0.08)}, {'text': 'dinheiro', 'timestamp': (0.14, 0.34)}, {'text': 'da', 'timestamp': (0.38, 0.48)}, {'text': 'gente', 'timestamp': (0.52, 0.7)}, {'text': 'é', 'timestamp': (0.72, 0.74)}, {'text': 'com', 'timestamp': (0.82, 0.92)}, {'text': 'extrema', 'timestamp': (0.98, 1.34)}, {'text': 'facilidade', 'timestamp': (1.46, 2.0)}];0,0;0,0;0,0;0,0
./audios/SP_DID_250_157.64419_158.49728.wav;157,64419;158,49728;e soltam;e soltam;0,8530899999999804;isócrono;;[{'text': 'isócrono', 'timestamp': (1.04, 1.74)}];1,0;1,0;1,0;1,0
./audios/SP_DID_250_159.17572_159.56868.wav;159,17572;159,56868;com;com;0,392959999999988;com;;[{'text': 'com', 'timestamp': (1.0, 1.16)}];0,0;0,0;0,0;0,0
./audios/SP_DID_250_160.21418_161.81552.wav;160,21418;161,81552;bastante dificuldade;bastante dificuldade;1,6013399999999933;bastante dificuldade;;[{'text': 'bastante', 'timestamp': (0.14, 0.68)}, {'text': 'dificuldade', 'timestamp': (0.8, 1.42)}];0,0;0,0;0,0;0,0
./audios/SP_DID_250_162.19241_163.62399.wav;162,19241;163,62399;e com com muitas exigências;e com com muitas exigências;1,4315799999999967;e com muitas exigências;;[{'text': 'e', 'timestamp': (0.04, 0.06)}, {'text': 'com', 'timestamp': (0.24, 0.32)}, {'text': 'muitas', 'timestamp': (0.4, 0.68)}, {'text': 'exigências', 'timestamp': (0.76, 1.36)}];0,2;0,2;0,19999999999999996;0,14814814814814814
./audios/SP_DID_250_165.10348_168.37096.wav;165,10348;168,37096;agora o que mais que eu poderia dizer com referência a bancos?;agora o que mais que eu poderia dizer com referência a bancos;3,267480000000006;agora o que mais que eu poderia dizer com referência a panco;;[{'text': 'agora', 'timestamp': (0.08, 0.36)}, {'text': 'o', 'timestamp': (0.44, 0.48)}, {'text': 'que', 'timestamp': (0.52, 0.6)}, {'text': 'mais', 'timestamp': (0.66, 0.8)}, {'text': 'que', 'timestamp': (0.84, 0.92)}, {'text': 'eu', 'timestamp': (0.96, 1.0)}, {'text': 'poderia', 'timestamp': (1.06, 1.38)}, {'text': 'dizer', 'timestamp': (1.46, 1.76)}, {'text': 'com', 'timestamp': (1.86, 1.96)}, {'text': 'referência', 'timestamp': (2.04, 2.56)}, {'text': 'a', 'timestamp': (2.62, 2.64)}, {'text': 'panco', 'timestamp': (2.78, 3.18)}];0,08333333333333333;0,08333333333333333;0,15972222222222232;0,03278688524590164
./audios/SP_DID_250_168.6187_169.08601.wav;168,6187;169,08601;e finanças?;e finanças;0,46730999999999767;piscina;;[{'text': 'piscina', 'timestamp': (0.98, 1.34)}];1,0;1,0;1,0;0,8
./audios/SP_DID_250_170.53093_177.00303.wav;170,53093;177,00303;bem o o dentro do do contexto capitalista em que nós vivemos o banco é:: realmente;bem o o dentro do do contexto capitalista em que nós vivemos o banco é realmente;6,472099999999983;bem o dentro do do do contexto capitalista em que nós vivemos o banco é realmente;;[{'text': 'bem', 'timestamp': (0.04, 0.16)}, {'text': 'o', 'timestamp': (0.42, 0.44)}, {'text': 'dentro', 'timestamp': (1.08, 1.28)}, {'text': 'do', 'timestamp': (1.36, 1.42)}, {'text': 'do', 'timestamp': (1.54, 1.62)}, {'text': 'do', 'timestamp': (1.68, 1.76)}, {'text': 'contexto', 'timestamp': (1.88, 2.24)}, {'text': 'capitalista', 'timestamp': (2.32, 2.92)}, {'text': 'em', 'timestamp': (3.0, 3.04)}, {'text': 'que', 'timestamp': (3.08, 3.14)}, {'text': 'nós', 'timestamp': (3.22, 3.34)}, {'text': 'vivemos', 'timestamp': (3.4, 3.84)}, {'text': 'o', 'timestamp': (3.96, 4.0)}, {'text': 'banco', 'timestamp': (4.1, 4.42)}, {'text': 'é', 'timestamp': (4.66, 4.68)}, {'text': 'realmente', 'timestamp': (5.6, 6.06)}];0,125;0,125;0,234375;0,0625
./audios/SP_DID_250_177.39366_178.63908.wav;177,39366;178,63908;um::;um;1,2454199999999958;o;;[{'text': 'o', 'timestamp': (0.16, 0.18)}];1,0;1,0;1,0;1,0
./audios/SP_DID_250_180.00355_180.91348.wav;180,00355;180,91348;um instrumento;um instrumento;0,9099300000000028;instrumento;;[{'text': 'instrumento', 'timestamp': (1.1, 1.78)}];0,5;0,5;0,5;0,21428571428571427
./audios/SP_DID_250_182.84825_184.84823.wav;182,84825;184,84823;de:: muita importância;de muita importância;1,9999799999999937;de muita importância;;[{'text': 'de', 'timestamp': (0.14, 0.2)}, {'text': 'muita', 'timestamp': (0.9, 1.08)}, {'text': 'importância', 'timestamp': (1.18, 1.86)}];0,0;0,0;0,0;0,0
./audios/SP_DID_250_186.76462_187.76275.wav;186,76462;187,76275;nas::;nas;0,9981300000000033;na;;[{'text': 'na', 'timestamp': (1.2, 1.28)}];1,0;1,0;1,0;0,3333333333333333
./audios/SP_DID_250_187.90522_190.6626.wav;187,90522;190,6626;atividades gerais de de de de::;atividades gerais de de de de;2,7573799999999835;atividades gerais de de de de;;[{'text': 'atividades', 'timestamp': (0.08, 0.62)}, {'text': 'gerais', 'timestamp': (0.7, 1.08)}, {'text': 'de', 'timestamp': (1.18, 1.24)}, {'text': 'de', 'timestamp': (1.46, 1.52)}, {'text': 'de', 'timestamp': (1.74, 1.8)}, {'text': 'de', 'timestamp': (2.12, 2.18)}];0,0;0,0;0,0;0,0
./audios/SP_DID_250_193.2807_194.05277.wav;193,2807;194,05277;de produção;de produção;0,7720700000000136;de produção;;[{'text': 'de', 'timestamp': (1.08, 1.14)}, {'text': 'produção', 'timestamp': (1.22, 1.62)}];0,0;0,0;0,0;0,0
./audios/SP_DID_250_195.90941_199.39861.wav;195,90941;199,39861;a os organismos empresariais sobretudo é que têm necessidade de ter;a os organismos empresariais sobretudo é que têm necessidade de ter;3,4891999999999825;ah os organimos empresariais sobretudo é que tem necessidade de inteiro;;[{'text': 'ah', 'timestamp': (0.12, 0.18)}, {'text': 'os', 'timestamp': (0.28, 0.34)}, {'text': 'organimos', 'timestamp': (0.42, 0.76)}, {'text': 'empresariais', 'timestamp': (0.84, 1.4)}, {'text': 'sobretudo', 'timestamp': (1.48, 1.88)}, {'text': 'é', 'timestamp': (1.96, 1.98)}, {'text': 'que', 'timestamp': (2.02, 2.08)}, {'text': 'tem', 'timestamp': (2.14, 2.22)}, {'text': 'necessidade', 'timestamp': (2.32, 2.82)}, {'text': 'de', 'timestamp': (2.94, 2.98)}, {'text': 'inteiro', 'timestamp': (3.02, 3.46)}];0,36363636363636365;0,36363636363636365;0,5950413223140496;0,1044776119402985
./audios/SP_DID_250_199.96847_201.76077.wav;199,96847;201,76077; relações digamos mais;relações digamos mais;1,7923000000000116;relações digamos mais;;[{'text': 'relações', 'timestamp': (0.1, 0.66)}, {'text': 'digamos', 'timestamp': (0.72, 1.12)}, {'text': 'mais', 'timestamp': (1.2, 1.72)}];0,0;0,0;0,0;0,0
./audios/SP_DID_250_202.03651_202.39497.wav;202,03651;202,39497;éh;eh;0,358460000000008;e;;[{'text': 'e', 'timestamp': (1.04, 1.06)}];1,0;1,0;1,0;0,5
./audios/SP_DID_250_203.22395_204.7497.wav;203,22395;204,7497;mais constantes;mais constantes;1,525749999999988;mas constantes;;[{'text': 'mas', 'timestamp': (0.08, 0.52)}, {'text': 'constantes', 'timestamp': (0.72, 1.38)}];0,5;0,5;0,75;0,06666666666666667
./audios/SP_DID_250_206.72583_207.491.wav;206,72583;207,491;e::;e;0,7651700000000119;e;;[{'text': 'e', 'timestamp': (1.08, 1.1)}];0,0;0,0;0,0;0,0
./audios/SP_DID_250_207.88623_210.0981.wav;207,88623;210,0981;mais vulTOsas em relação a bancos;mais vultosas em relação a bancos;2,2118699999999762;mais vultosas em relação à banco;;[{'text': 'mais', 'timestamp': (0.1, 0.44)}, {'text': 'vultosas', 'timestamp': (0.56, 1.24)}, {'text': 'em', 'timestamp': (1.32, 1.36)}, {'text': 'relação', 'timestamp': (1.44, 1.78)}, {'text': 'à', 'timestamp': (1.84, 1.86)}, {'text': 'banco', 'timestamp': (1.92, 2.14)}];0,3333333333333333;0,3333333333333333;0,5555555555555556;0,06060606060606061
./audios/SP_DID_250_212.42227_214.75621.wav;212,42227;214,75621;agora quem sabe se vocês PREcisando;agora quem sabe se vocês precisando;2,3339400000000126;agora quem sabe se vocês precisando;;[{'text': 'agora', 'timestamp': (0.06, 0.24)}, {'text': 'quem', 'timestamp': (0.3, 0.42)}, {'text': 'sabe', 'timestamp': (0.5, 0.66)}, {'text': 'se', 'timestamp': (0.76, 0.82)}, {'text': 'vocês', 'timestamp': (0.94, 1.24)}, {'text': 'precisando', 'timestamp': (1.42, 2.08)}];0,0;0,0;0,0;0,0
./audios/SP_DID_250_215.37984_216.63471.wav;215,37984;216,63471;melhor ou ah;melhor ou ah;1,254870000000011;melhor ou ou melhor;;[{'text': 'melhor', 'timestamp': (0.12, 0.6)}, {'text': 'ou', 'timestamp': (0.7, 0.78)}, {'text': 'ou', 'timestamp': (0.88, 0.92)}, {'text': 'melhor', 'timestamp': (1.0, 1.18)}];0,6666666666666666;0,5;0,6666666666666667;0,6666666666666666
./audios/SP_DID_250_217.28876_221.22158.wav;217,28876;221,22158;insistindo em determinadas perguntas eu poderia dizer mais alguma coisa;insistindo em determinadas perguntas eu poderia dizer mais alguma coisa;3,9328199999999924;insistindo em determinadas perguntas eu poderia dizer mais alguma coisa;;[{'text': 'insistindo', 'timestamp': (0.06, 0.6)}, {'text': 'em', 'timestamp': (0.66, 0.7)}, {'text': 'determinadas', 'timestamp': (0.74, 1.28)}, {'text': 'perguntas', 'timestamp': (1.38, 1.78)}, {'text': 'eu', 'timestamp': (1.86, 1.94)}, {'text': 'poderia', 'timestamp': (2.02, 2.36)}, {'text': 'dizer', 'timestamp': (2.44, 2.66)}, {'text': 'mais', 'timestamp': (2.78, 2.96)}, {'text': 'alguma', 'timestamp': (3.04, 3.34)}, {'text': 'coisa', 'timestamp': (3.5, 3.78)}];0,0;0,0;0,0;0,0
./audios/SP_DID_250_235.24595_236.7056.wav;235,24595;236,7056;BOm o empregado;bom o empregado;1,4596500000000106;bom o empregado;;[{'text': 'bom', 'timestamp': (0.1, 0.22)}, {'text': 'o', 'timestamp': (0.54, 0.56)}, {'text': 'empregado', 'timestamp': (0.7, 1.3)}];0,0;0,0;0,0;0,0
./audios/SP_DID_250_237.91963_238.89345.wav;237,91963;238,89345;normalmente;normalmente;0,9738199999999892;normalmente;;[{'text': 'normalmente', 'timestamp': (1.1, 1.74)}];0,0;0,0;0,0;0,0
./audios/SP_DID_250_240.35419_243.00238.wav;240,35419;243,00238;qualquer:: ahn:: empregado;qualquer ah empregado;2,6481899999999996;a ter empregado;;[{'text': 'a', 'timestamp': (0.12, 0.14)}, {'text': 'ter', 'timestamp': (0.38, 0.76)}, {'text': 'empregado', 'timestamp': (1.96, 2.54)}];0,6666666666666666;0,6666666666666666;0,8888888888888888;0,38095238095238093
./audios/SP_DID_250_244.72929_246.64448.wav;244,72929;246,64448;deve ser admitido;deve ser admitido;1,9151899999999955;deve ser admitido;;[{'text': 'deve', 'timestamp': (0.16, 0.46)}, {'text': 'ser', 'timestamp': (0.88, 1.02)}, {'text': 'admitido', 'timestamp': (1.16, 1.76)}];0,0;0,0;0,0;0,0
./audios/SP_DID_250_247.3138_248.07987.wav;247,3138;248,07987;pelas empresas;pelas empresas;0,7660700000000134;pelas empresas;;[{'text': 'pelas', 'timestamp': (0.98, 1.22)}, {'text': 'empresas', 'timestamp': (1.32, 1.76)}];0,0;0,0;0,0;0,0
./audios/SP_DID_250_248.90562_250.21704.wav;248,90562;250,21704;dentro das exigências;dentro das exigências;1,3114199999999983;dentro das exigências;;[{'text': 'dentro', 'timestamp': (0.08, 0.32)}, {'text': 'das', 'timestamp': (0.4, 0.52)}, {'text': 'exigências', 'timestamp': (0.62, 1.28)}];0,0;0,0;0,0;0,0
./audios/SP_DID_250_250.76238_251.87903.wav;250,76238;251,87903;da::;da;1,1166499999999928;dá;;[{'text': 'dá', 'timestamp': (0.14, 0.22)}];1,0;1,0;1,0;0,5
./audios/SP_DID_250_252.88532_254.0604.wav;252,88532;254,0604;legislação trabalhista;legislação trabalhista;1,17507999999998;legislação trabalhista;;[{'text': 'legislação', 'timestamp': (0.08, 0.56)}, {'text': 'trabalhista', 'timestamp': (0.68, 1.1)}];0,0;0,0;0,0;0,0
./audios/SP_DID_250_254.48239_255.23548.wav;254,48239;255,23548;a cê ele tê;a cê ele tê;0,753089999999986;a pele se;;[{'text': 'a', 'timestamp': (1.04, 1.06)}, {'text': 'pele', 'timestamp': (1.16, 1.48)}, {'text': 'se', 'timestamp': (1.62, 1.68)}];0,75;0,75;0,9166666666666666;0,45454545454545453
./audios/SP_DID_250_256.4727_258.0591.wav;256,4727;258,0591;Consolidação das Leis do Trabalho;consolidação das leis do trabalho;1,586400000000026;consolidação das leis do trabalho;;[{'text': 'consolidação', 'timestamp': (0.04, 0.6)}, {'text': 'das', 'timestamp': (0.68, 0.78)}, {'text': 'leis', 'timestamp': (0.84, 0.98)}, {'text': 'do', 'timestamp': (1.02, 1.08)}, {'text': 'trabalho', 'timestamp': (1.14, 1.5)}];0,0;0,0;0,0;0,0
./audios/SP_DID_250_258.49654_259.52526.wav;258,49654;259,52526;então ele deve estar;então ele deve estar;1,0287200000000212;então ele deve estar;;[{'text': 'então', 'timestamp': (0.08, 0.24)}, {'text': 'ele', 'timestamp': (0.34, 0.4)}, {'text': 'deve', 'timestamp': (0.48, 0.62)}, {'text': 'estar', 'timestamp': (0.68, 0.92)}];0,0;0,0;0,0;0,0
./audios/SP_DID_250_260.52506_261.58823.wav;260,52506;261,58823;ahn::;ah;1,0631700000000137;ah;;[{'text': 'ah', 'timestamp': (0.08, 0.18)}];0,0;0,0;0,0;0,0
./audios/SP_DID_250_262.192_263.85399.wav;262,192;263,85399;regulamentarmente registrado;regulamentarmente registrado;1,661990000000003;regulamentar em registrar;;[{'text': 'regulamentar', 'timestamp': (0.14, 0.76)}, {'text': 'em', 'timestamp': (0.86, 0.96)}, {'text': 'registrar', 'timestamp': (1.1, 1.56)}];1,5;1,0;1,0;0,21428571428571427
./audios/SP_DID_250_264.71869_265.6211.wav;264,71869;265,6211;(no) livro de trabalho;no livro de trabalho;0,9024100000000317;deve trabalho;;[{'text': 'deve', 'timestamp': (1.06, 1.34)}, {'text': 'trabalho', 'timestamp': (1.4, 1.8)}];0,75;0,75;0,875;0,45
./audios/SP_DID_250_266.56896_268.69189.wav;266,56896;268,69189;deve ser portador da carteira de trabalho;deve ser portador da carteira de trabalho;2,1229299999999967;deve ser portador da carteira de trabalho;;[{'text': 'deve', 'timestamp': (0.04, 0.18)}, {'text': 'ser', 'timestamp': (0.24, 0.32)}, {'text': 'portador', 'timestamp': (0.46, 0.84)}, {'text': 'da', 'timestamp': (0.92, 0.96)}, {'text': 'carteira', 'timestamp': (1.08, 1.44)}, {'text': 'de', 'timestamp': (1.5, 1.54)}, {'text': 'trabalho', 'timestamp': (1.6, 1.98)}];0,0;0,0;0,0;0,0
./audios/SP_DID_250_269.56833_274.1.wav;269,56833;274,1;e em ambos os assentamentos do livro de trabalho na carteira de trabalho devem constar as condições;e em ambos os assentamentos do livro de trabalho na carteira de trabalho devem constar as condições;4,53167000000002;em ambos os assentamentos do livre trabalho na carteira de trabalho devem encontrar as condições;;[{'text': 'em', 'timestamp': (0.04, 0.2)}, {'text': 'ambos', 'timestamp': (0.28, 0.5)}, {'text': 'os', 'timestamp': (0.56, 0.62)}, {'text': 'assentamentos', 'timestamp': (0.68, 1.26)}, {'text': 'do', 'timestamp': (1.36, 1.4)}, {'text': 'livre', 'timestamp': (1.48, 1.7)}, {'text': 'trabalho', 'timestamp': (1.76, 2.06)}, {'text': 'na', 'timestamp': (2.12, 2.18)}, {'text': 'carteira', 'timestamp': (2.26, 2.58)}, {'text': 'de', 'timestamp': (2.6, 2.66)}, {'text': 'trabalho', 'timestamp': (2.7, 3.0)}, {'text': 'devem', 'timestamp': (3.08, 3.24)}, {'text': 'encontrar', 'timestamp': (3.32, 3.68)}, {'text': 'as', 'timestamp': (3.76, 3.82)}, {'text': 'condições', 'timestamp': (3.94, 4.48)}];0,23529411764705882;0,23529411764705882;0,33725490196078434;0,09090909090909091
./audios/SP_DID_250_274.56195_275.41705.wav;274,56195;275,41705;em que ele trabalha;em que ele trabalha;0,8550999999999931;como ele trabalha;;[{'text': 'como', 'timestamp': (0.96, 1.14)}, {'text': 'ele', 'timestamp': (1.24, 1.36)}, {'text': 'trabalha', 'timestamp': (1.44, 1.76)}];0,5;0,5;0,6666666666666667;0,3157894736842105
./audios/SP_DID_250_276.45446_277.19956.wav;276,45446;277,19956;hora de trabalho;hora de trabalho;0,7451000000000363;fora de trabalho;;[{'text': 'fora', 'timestamp': (1.0, 1.16)}, {'text': 'de', 'timestamp': (1.2, 1.26)}, {'text': 'trabalho', 'timestamp': (1.32, 1.7)}];0,3333333333333333;0,3333333333333333;0,5555555555555556;0,0625
./audios/SP_DID_250_278.19112_278.72989.wav;278,19112;278,72989;salário;salário;0,5387699999999995;salário;;[{'text': 'salário', 'timestamp': (1.0, 1.46)}];0,0;0,0;0,0;0,0
./audios/SP_DID_250_279.50174_281.06645.wav;279,50174;281,06645;assentamento de férias pagas;assentamento de férias pagas;1,564709999999991;assentamento de férias paga;;[{'text': 'assentamento', 'timestamp': (0.1, 0.66)}, {'text': 'de', 'timestamp': (0.72, 0.76)}, {'text': 'férias', 'timestamp': (0.86, 1.12)}, {'text': 'paga', 'timestamp': (1.22, 1.5)}];0,25;0,25;0,4375;0,03571428571428571
./audios/SP_DID_250_281.18108_281.67973.wav;281,18108;281,67973;em suma;em suma;0,4986499999999978;o seu mapa;;[{'text': 'o', 'timestamp': (1.06, 1.08)}, {'text': 'seu', 'timestamp': (1.2, 1.34)}, {'text': 'mapa', 'timestamp': (1.38, 1.6)}];1,5;1,0;1,0;0,8571428571428571
./audios/SP_DID_250_281.77143_282.73433.wav;281,77143;282,73433; todas as garantias;todas as garantias;0,9628999999999905;todas essas garantias;;[{'text': 'todas', 'timestamp': (0.98, 1.12)}, {'text': 'essas', 'timestamp': (1.16, 1.34)}, {'text': 'garantias', 'timestamp': (1.4, 1.92)}];0,3333333333333333;0,3333333333333333;0,5555555555555556;0,16666666666666666
./audios/SP_DID_250_283.34188_284.98179.wav;283,34188;284,98179;que a Legislação Trabalhista exige;que a legislação trabalhista exige;1,6399099999999862;que a legislação trabalhista exige;;[{'text': 'que', 'timestamp': (0.0, 0.1)}, {'text': 'a', 'timestamp': (0.12, 0.14)}, {'text': 'legislação', 'timestamp': (0.18, 0.58)}, {'text': 'trabalhista', 'timestamp': (0.68, 1.14)}, {'text': 'exige', 'timestamp': (1.24, 1.6)}];0,0;0,0;0,0;0,0
./audios/SP_DID_250_286.12931_287.68578.wav;286,12931;287,68578;se ele vem a ser despedido;se ele vem a ser despedido;1,556470000000047;que ele vem a ser despedido;;[{'text': 'que', 'timestamp': (0.0, 0.08)}, {'text': 'ele', 'timestamp': (0.1, 0.2)}, {'text': 'vem', 'timestamp': (0.26, 0.38)}, {'text': 'a', 'timestamp': (0.42, 0.44)}, {'text': 'ser', 'timestamp': (0.6, 0.74)}, {'text': 'despedido', 'timestamp': (0.88, 1.42)}];0,16666666666666666;0,16666666666666666;0,30555555555555547;0,07692307692307693
./audios/SP_DID_250_289.42567_290.20473.wav;289,42567;290,20473;de duas uma;de duas uma;0,7790599999999586;de duas uma;;[{'text': 'de', 'timestamp': (1.04, 1.1)}, {'text': 'duas', 'timestamp': (1.16, 1.42)}, {'text': 'uma', 'timestamp': (1.52, 1.68)}];0,0;0,0;0,0;0,0
./audios/SP_DID_250_291.0617_292.06274.wav;291,0617;292,06274;ou o patrão;ou o patrão;1,001040000000046;ou o patrão;;[{'text': 'ou', 'timestamp': (0.08, 0.18)}, {'text': 'o', 'timestamp': (0.46, 0.48)}, {'text': 'patrão', 'timestamp': (0.58, 0.9)}];0,0;0,0;0,0;0,0
./audios/SP_DID_250_293.52996_294.26358.wav;293,52996;294,26358;comprova;comprova;0,7336199999999735;com prova;;[{'text': 'com', 'timestamp': (1.0, 1.12)}, {'text': 'prova', 'timestamp': (1.22, 1.58)}];2,0;1,0;1,0;0,125
./audios/SP_DID_250_295.28934_296.15929.wav;295,28934;296,15929;causa justa;causa justa;0,8699500000000171;causa justa;;[{'text': 'causa', 'timestamp': (1.0, 1.32)}, {'text': 'justa', 'timestamp': (1.46, 1.76)}];0,0;0,0;0,0;0,0
./audios/SP_DID_250_297.43175_300.01687.wav;297,43175;300,01687;que é uma situação prevista na Legislação do Trabalho;que é uma situação prevista na legislação do trabalho;2,585119999999961;que é uma situação prevista na legislação de trabalho;;[{'text': 'que', 'timestamp': (0.0, 0.08)}, {'text': 'é', 'timestamp': (0.16, 0.18)}, {'text': 'uma', 'timestamp': (0.34, 0.42)}, {'text': 'situação', 'timestamp': (0.54, 0.96)}, {'text': 'prevista', 'timestamp': (1.06, 1.46)}, {'text': 'na', 'timestamp': (1.56, 1.6)}, {'text': 'legislação', 'timestamp': (1.66, 2.1)}, {'text': 'de', 'timestamp': (2.14, 2.18)}, {'text': 'trabalho', 'timestamp': (2.24, 2.54)}];0,1111111111111111;0,1111111111111111;0,2098765432098766;0,018867924528301886
./audios/SP_DID_250_300.70504_301.29583.wav;300,70504;301,29583;comprova;comprova;0,5907900000000268;com prova;;[{'text': 'com', 'timestamp': (1.0, 1.1)}, {'text': 'prova', 'timestamp': (1.2, 1.52)}];2,0;1,0;1,0;0,125
./audios/SP_DID_250_302.2307_303.27069.wav;302,2307;303,27069;causa justa;causa justa;1,0399899999999889;causa justa;;[{'text': 'causa', 'timestamp': (0.04, 0.34)}, {'text': 'justa', 'timestamp': (0.52, 0.88)}];0,0;0,0;0,0;0,0
./audios/SP_DID_250_303.67321_304.54965.wav;303,67321;304,54965;para a::;para a;0,8764400000000023;para a;;[{'text': 'para', 'timestamp': (0.98, 1.26)}, {'text': 'a', 'timestamp': (1.48, 1.5)}];0,0;0,0;0,0;0,0
./audios/SP_DID_250_304.80284_305.44556.wav;304,80284;305,44556;a demissão;a demissão;0,6427199999999971;abolição;;[{'text': 'abolição', 'timestamp': (1.04, 1.58)}];1,0;1,0;1,0;0,6
./audios/SP_DID_250_306.67258_307.34777.wav;306,67258;307,34777;e então;e então;0,6751900000000433;e então;;[{'text': 'e', 'timestamp': (1.06, 1.08)}, {'text': 'então', 'timestamp': (1.2, 1.46)}];0,0;0,0;0,0;0,0
./audios/SP_DID_250_308.58777_309.66671.wav;308,58777;309,66671;haverá um acordo;haverá um acordo;1,0789400000000455;haverá um acordo;;[{'text': 'haverá', 'timestamp': (0.02, 0.26)}, {'text': 'um', 'timestamp': (0.4, 0.46)}, {'text': 'acordo', 'timestamp': (0.52, 0.94)}];0,0;0,0;0,0;0,0
./audios/SP_DID_250_310.0043_310.95865.wav;310,0043;310,95865;com referência;com referência;0,9543499999999767;com referência;;[{'text': 'com', 'timestamp': (1.0, 1.1)}, {'text': 'referência', 'timestamp': (1.18, 1.84)}];0,0;0,0;0,0;0,0
./audios/SP_DID_250_311.73122_312.58818.wav;311,73122;312,58818;àquilo;àquilo;0,856960000000015;aquilo;;[{'text': 'aquilo', 'timestamp': (1.08, 1.58)}];1,0;1,0;1,0;0,16666666666666666
./audios/SP_DID_250_313.73729_315.35972.wav;313,73729;315,35972;àquilo que o::;àquilo que o;1,6224300000000085;a aquilo que o;;[{'text': 'a', 'timestamp': (0.06, 0.08)}, {'text': 'aquilo', 'timestamp': (0.16, 0.58)}, {'text': 'que', 'timestamp': (0.92, 1.0)}, {'text': 'o', 'timestamp': (1.12, 1.14)}];0,6666666666666666;0,5;0,6666666666666667;0,25
./audios/SP_DID_250_316.3725_318.32664.wav;316,3725;318,32664;trabalhador nesse caso tem direito a receber;trabalhador nesse caso tem direito a receber;1,9541399999999953;trabalhador nesse caso tem direito a receber;;[{'text': 'trabalhador', 'timestamp': (0.04, 0.46)}, {'text': 'nesse', 'timestamp': (0.54, 0.74)}, {'text': 'caso', 'timestamp': (0.8, 0.96)}, {'text': 'tem', 'timestamp': (1.06, 1.16)}, {'text': 'direito', 'timestamp': (1.22, 1.42)}, {'text': 'a', 'timestamp': (1.46, 1.5)}, {'text': 'receber', 'timestamp': (1.56, 1.88)}];0,0;0,0;0,0;0,0
./audios/SP_DID_250_319.61208_319.90548.wav;319,61208;319,90548;OU;ou;0,29340000000001965;o;;[{'text': 'o', 'timestamp': (1.06, 1.08)}];1,0;1,0;1,0;0,5
./audios/SP_DID_250_320.19762_322.00894.wav;320,19762;322,00894;se não se comprova a causa justa;se não se comprova a causa justa;1,8113200000000234;se não se comprova a causa justa;;[{'text': 'se', 'timestamp': (0.02, 0.08)}, {'text': 'não', 'timestamp': (0.12, 0.2)}, {'text': 'se', 'timestamp': (0.26, 0.34)}, {'text': 'comprova', 'timestamp': (0.4, 0.8)}, {'text': 'a', 'timestamp': (0.88, 0.92)}, {'text': 'causa', 'timestamp': (1.0, 1.24)}, {'text': 'justa', 'timestamp': (1.36, 1.68)}];0,0;0,0;0,0;0,0
./audios/SP_DID_250_323.32684_325.04077.wav;323,32684;325,04077;o trabalhador dispensado;o trabalhador dispensado;1,7139300000000048;um trabalhador dispensado;;[{'text': 'um', 'timestamp': (0.06, 0.1)}, {'text': 'trabalhador', 'timestamp': (0.2, 0.8)}, {'text': 'dispensado', 'timestamp': (0.92, 1.58)}];0,3333333333333333;0,3333333333333333;0,5555555555555556;0,08333333333333333
./audios/SP_DID_250_326.04706_329.73585.wav;326,04706;329,73585;recorre à Justiça do Trabalho fazendo o que se chama uma reclamação;recorre à justiça do trabalho fazendo o que se chama uma reclamação;3,68879000000004;recorre à justiça do trabalho fazendo o que se chama uma reclamação;;[{'text': 'recorre', 'timestamp': (0.14, 0.64)}, {'text': 'à', 'timestamp': (0.84, 0.86)}, {'text': 'justiça', 'timestamp': (0.96, 1.28)}, {'text': 'do', 'timestamp': (1.34, 1.4)}, {'text': 'trabalho', 'timestamp': (1.46, 1.8)}, {'text': 'fazendo', 'timestamp': (1.96, 2.22)}, {'text': 'o', 'timestamp': (2.24, 2.26)}, {'text': 'que', 'timestamp': (2.3, 2.38)}, {'text': 'se', 'timestamp': (2.44, 2.48)}, {'text': 'chama', 'timestamp': (2.58, 2.74)}, {'text': 'uma', 'timestamp': (2.86, 2.94)}, {'text': 'reclamação', 'timestamp': (3.02, 3.6)}];0,0;0,0;0,0;0,0
./audios/SP_DID_250_331.21606_333.10652.wav;331,21606;333,10652;através dessa reclamação então;através dessa reclamação então;1,8904599999999618;através dessa reclamação então;;[{'text': 'através', 'timestamp': (0.06, 0.48)}, {'text': 'dessa', 'timestamp': (0.54, 0.74)}, {'text': 'reclamação', 'timestamp': (0.82, 1.36)}, {'text': 'então', 'timestamp': (1.44, 1.72)}];0,0;0,0;0,0;0,0
./audios/SP_DID_250_333.88558_334.50234.wav;333,88558;334,50234;as partes;as partes;0,6167599999999993;faz parte;;[{'text': 'faz', 'timestamp': (1.0, 1.12)}, {'text': 'parte', 'timestamp': (1.22, 1.52)}];1,0;1,0;1,0;0,3333333333333333
./audios/SP_DID_250_335.91114_336.7681.wav;335,91114;336,7681;em conflito;em conflito;0,856960000000015;em conflito;;[{'text': 'em', 'timestamp': (1.08, 1.14)}, {'text': 'conflito', 'timestamp': (1.2, 1.6)}];0,0;0,0;0,0;0,0
./audios/SP_DID_250_337.31344_337.68474.wav;337,31344;337,68474;quer dizer;quer dizer;0,37129999999996244;cade;;[{'text': 'cade', 'timestamp': (1.02, 1.26)}];1,0;1,0;1,0;0,8
./audios/SP_DID_250_338.24956_339.50254.wav;338,24956;339,50254;o Operário despedido;o operário despedido;1,2529800000000364;o operário e despedido;;[{'text': 'o', 'timestamp': (0.1, 0.12)}, {'text': 'operário', 'timestamp': (0.28, 0.76)}, {'text': 'e', 'timestamp': (0.8, 0.82)}, {'text': 'despedido', 'timestamp': (0.84, 1.2)}];0,3333333333333333;0,25;0,25;0,1
./audios/SP_DID_250_340.22967_341.56056.wav;340,22967;341,56056; e o patrão que o despediu;e o patrão que o despediu;1,3308900000000108;e o patrão que despediu;;[{'text': 'e', 'timestamp': (0.04, 0.06)}, {'text': 'o', 'timestamp': (0.14, 0.16)}, {'text': 'patrão', 'timestamp': (0.24, 0.56)}, {'text': 'que', 'timestamp': (0.64, 0.72)}, {'text': 'despediu', 'timestamp': (0.84, 1.26)}];0,16666666666666666;0,16666666666666666;0,16666666666666663;0,08
./audios/SP_DID_250_342.06045_342.53438.wav;342,06045;342,53438;devem;devem;0,47392999999999574;jovem;;[{'text': 'jovem', 'timestamp': (1.0, 1.36)}];1,0;1,0;1,0;0,4
./audios/SP_DID_250_343.07323_346.1972.wav;343,07323;346,1972;provar a legalidade das respectivas atitudes;provar a legalidade das respectivas atitudes;3,1239699999999857;provar a legalidade das respectivas atitude;;[{'text': 'provar', 'timestamp': (0.02, 0.42)}, {'text': 'a', 'timestamp': (0.68, 0.7)}, {'text': 'legalidade', 'timestamp': (0.78, 1.32)}, {'text': 'das', 'timestamp': (1.44, 1.54)}, {'text': 'respectivas', 'timestamp': (1.64, 2.36)}, {'text': 'atitude', 'timestamp': (2.54, 2.96)}];0,16666666666666666;0,16666666666666666;0,30555555555555547;0,022727272727272728
./audios/SP_DID_250_348.35272_350.21158.wav;348,35272;350,21158;conforme o que ficar demonstrado;conforme o que ficar demonstrado;1,8588600000000497;conforme o que ficar demonstrado;;[{'text': 'conforme', 'timestamp': (0.06, 0.46)}, {'text': 'o', 'timestamp': (0.52, 0.54)}, {'text': 'que', 'timestamp': (0.58, 0.66)}, {'text': 'ficar', 'timestamp': (0.74, 0.94)}, {'text': 'demonstrado', 'timestamp': (1.02, 1.7)}];0,0;0,0;0,0;0,0
./audios/SP_DID_250_351.03052_353.15585.wav;351,03052;353,15585;perante a Justiça Trabalhista;perante a justiça trabalhista;2,1253299999999626;perante a justiça trabalhista;;[{'text': 'perante', 'timestamp': (0.04, 0.42)}, {'text': 'a', 'timestamp': (0.78, 0.8)}, {'text': 'justiça', 'timestamp': (0.94, 1.32)}, {'text': 'trabalhista', 'timestamp': (1.46, 2.02)}];0,0;0,0;0,0;0,0
./audios/SP_DID_250_353.55882_354.76898.wav;353,55882;354,76898;até julgamento final;até julgamento final;1,2101599999999735;até juramento final;;[{'text': 'até', 'timestamp': (0.04, 0.2)}, {'text': 'juramento', 'timestamp': (0.36, 0.78)}, {'text': 'final', 'timestamp': (0.88, 1.1)}];0,3333333333333333;0,3333333333333333;0,5555555555555556;0,1
./audios/SP_DID_250_355.48392_355.8284.wav;355,48392;355,8284;o::;o;0,3444799999999759;o;;[{'text': 'o', 'timestamp': (1.06, 1.08)}];0,0;0,0;0,0;0,0
./audios/SP_DID_250_356.24437_357.40128.wav;356,24437;357,40128;trabalhador recebe;trabalhador recebe;1,1569099999999821;trabalhador recebe;;[{'text': 'trabalhador', 'timestamp': (0.04, 0.44)}, {'text': 'recebe', 'timestamp': (0.56, 1.0)}];0,0;0,0;0,0;0,0
./audios/SP_DID_250_357.74575_359.24.wav;357,74575;359,24;àquilo a que ele tem direito;àquilo a que ele tem direito;1,4942500000000223;aquilo aquele que tem direito;;[{'text': 'aquilo', 'timestamp': (0.06, 0.4)}, {'text': 'aquele', 'timestamp': (0.54, 0.8)}, {'text': 'que', 'timestamp': (0.86, 0.94)}, {'text': 'tem', 'timestamp': (0.98, 1.08)}, {'text': 'direito', 'timestamp': (1.14, 1.38)}];0,5;0,5;0,7;0,21428571428571427
./audios/SP_DID_250_361.37107_361.77052.wav;361,37107;361,77052;agora;agora;0,39945000000000164;agora;;[{'text': 'agora', 'timestamp': (1.04, 1.32)}];0,0;0,0;0,0;0,0
./audios/SP_DID_250_363.66794_364.42151.wav;363,66794;364,42151;eu tenho;eu tenho;0,7535700000000247;eu tenho;;[{'text': 'eu', 'timestamp': (1.08, 1.16)}, {'text': 'tenho', 'timestamp': (1.34, 1.64)}];0,0;0,0;0,0;0,0
./audios/SP_DID_250_366.19602_366.95652.wav;366,19602;366,95652;a impressão;a impressão;0,7605000000000359;a impressão;;[{'text': 'a', 'timestamp': (1.06, 1.08)}, {'text': 'impressão', 'timestamp': (1.14, 1.6)}];0,0;0,0;0,0;0,0
./audios/SP_DID_250_368.10112_368.70946.wav;368,10112;368,70946;de que;de que;0,6083399999999983;de que;;[{'text': 'de', 'timestamp': (1.04, 1.1)}, {'text': 'que', 'timestamp': (1.24, 1.32)}];0,0;0,0;0,0;0,0
./audios/SP_DID_250_369.26256_371.08316.wav;369,26256;371,08316;a Justiça Trabalhista;a justiça trabalhista;1,820600000000013;a justiça trabalhista;;[{'text': 'a', 'timestamp': (0.06, 0.08)}, {'text': 'justiça', 'timestamp': (0.18, 0.68)}, {'text': 'trabalhista', 'timestamp': (0.94, 1.62)}];0,0;0,0;0,0;0,0
./audios/SP_DID_250_371.82062_372.82694.wav;371,82062;372,82694;eu não vou dizer que ela::;eu não vou dizer que ela;1,0063199999999597;eu não vou dizer que ela;;[{'text': 'eu', 'timestamp': (0.02, 0.1)}, {'text': 'não', 'timestamp': (0.14, 0.2)}, {'text': 'vou', 'timestamp': (0.26, 0.32)}, {'text': 'dizer', 'timestamp': (0.38, 0.52)}, {'text': 'que', 'timestamp': (0.6, 0.68)}, {'text': 'ela', 'timestamp': (0.76, 0.84)}];0,0;0,0;0,0;0,0
./audios/SP_DID_250_373.11885_373.97922.wav;373,11885;373,97922;falha sempre;falha sempre;0,860369999999989;palha sempre;;[{'text': 'palha', 'timestamp': (0.98, 1.24)}, {'text': 'sempre', 'timestamp': (1.38, 1.68)}];0,5;0,5;0,75;0,08333333333333333
./audios/SP_DID_250_374.67059_376.32366.wav;374,67059;376,32366;mas ela funciona muito mais;mas ela funciona muito mais;1,6530700000000138;mas ela funciona muito mais;;[{'text': 'mas', 'timestamp': (0.02, 0.1)}, {'text': 'ela', 'timestamp': (0.18, 0.28)}, {'text': 'funciona', 'timestamp': (0.44, 0.86)}, {'text': 'muito', 'timestamp': (0.96, 1.12)}, {'text': 'mais', 'timestamp': (1.24, 1.58)}];0,0;0,0;0,0;0,0
./audios/SP_DID_250_378.02136_379.79587.wav;378,02136;379,79587; no sentido dos interesses;no sentido dos interesses;1,7745099999999638;no sentido do interesse;;[{'text': 'no', 'timestamp': (0.1, 0.18)}, {'text': 'sentido', 'timestamp': (0.3, 0.74)}, {'text': 'do', 'timestamp': (1.02, 1.08)}, {'text': 'interesse', 'timestamp': (1.2, 1.64)}];0,5;0,5;0,75;0,08
./audios/SP_DID_250_380.09546_380.68696.wav;380,09546;380,68696;patronais;patronais;0,5914999999999964;patronai;;[{'text': 'patronai', 'timestamp': (1.0, 1.5)}];1,0;1,0;1,0;0,1111111111111111
./audios/SP_DID_250_381.64719_382.49988.wav;381,64719;382,49988;que dos trabalhistas;que dos trabalhistas;0,8526899999999955;e dos trabalhista;;[{'text': 'e', 'timestamp': (1.02, 1.04)}, {'text': 'dos', 'timestamp': (1.12, 1.26)}, {'text': 'trabalhista', 'timestamp': (1.34, 1.82)}];0,6666666666666666;0,6666666666666666;0,8888888888888888;0,15
./audios/SP_DID_250_384.22209_385.51265.wav;384,22209;385,51265;mas é uma impressão;mas é uma impressão;1,2905600000000277;mas é uma impressão;;[{'text': 'mas', 'timestamp': (0.02, 0.14)}, {'text': 'é', 'timestamp': (0.32, 0.34)}, {'text': 'uma', 'timestamp': (0.46, 0.56)}, {'text': 'impressão', 'timestamp': (0.64, 1.14)}];0,0;0,0;0,0;0,0
./audios/SP_DID_250_386.1272_389.3459.wav;386,1272;389,3459;eu diria quase que de leigo porque eu não tenho;eu diria quase que de leigo porque eu não tenho;3,2186999999999557;eu diria quase que de leigo porque eu não tenho;;[{'text': 'eu', 'timestamp': (0.14, 0.2)}, {'text': 'diria', 'timestamp': (0.28, 0.5)}, {'text': 'quase', 'timestamp': (0.64, 0.86)}, {'text': 'que', 'timestamp': (0.96, 1.04)}, {'text': 'de', 'timestamp': (1.1, 1.16)}, {'text': 'leigo', 'timestamp': (1.26, 1.62)}, {'text': 'porque', 'timestamp': (1.78, 2.06)}, {'text': 'eu', 'timestamp': (2.32, 2.38)}, {'text': 'não', 'timestamp': (2.48, 2.58)}, {'text': 'tenho', 'timestamp': (2.76, 3.0)}];0,0;0,0;0,0;0,0
./audios/SP_DID_250_390.47661_392.64435.wav;390,47661;392,64435;como bacharel em Direito eu não TEnho;como bacharel em direito eu não tenho;2,1677399999999807;como bacharela em direito eu não tenho;;[{'text': 'como', 'timestamp': (0.06, 0.24)}, {'text': 'bacharela', 'timestamp': (0.44, 0.9)}, {'text': 'em', 'timestamp': (0.96, 1.02)}, {'text': 'direito', 'timestamp': (1.06, 1.28)}, {'text': 'eu', 'timestamp': (1.38, 1.42)}, {'text': 'não', 'timestamp': (1.52, 1.64)}, {'text': 'tenho', 'timestamp': (1.8, 2.08)}];0,14285714285714285;0,14285714285714285;0,26530612244897966;0,02702702702702703
./audios/SP_DID_250_393.28963_397.00973.wav;393,28963;397,00973;experiência de advocacia em Justiça Trabalhista;experiência de advocacia em justiça trabalhista;3,720100000000002;experiência de advocacia injustiça a trabalhar;;[{'text': 'experiência', 'timestamp': (0.08, 0.8)}, {'text': 'de', 'timestamp': (1.56, 1.62)}, {'text': 'advocacia', 'timestamp': (1.66, 2.3)}, {'text': 'injustiça', 'timestamp': (2.4, 2.84)}, {'text': 'a', 'timestamp': (2.92, 2.94)}, {'text': 'trabalhar', 'timestamp': (2.96, 3.32)}];0,5;0,5;0,75;0,19148936170212766
./audios/SP_DID_250_399.62975_403.21574.wav;399,62975;403,21574;eu hoje estou confinado às minhas atividades de professor universitário;eu hoje estou confinado às minhas atividades de professor universitário;3,585989999999981;eu hoje estou confinado as minhas atividades de professor universitário;;[{'text': 'eu', 'timestamp': (0.04, 0.1)}, {'text': 'hoje', 'timestamp': (0.16, 0.34)}, {'text': 'estou', 'timestamp': (0.38, 0.56)}, {'text': 'confinado', 'timestamp': (0.66, 1.12)}, {'text': 'as', 'timestamp': (1.22, 1.26)}, {'text': 'minhas', 'timestamp': (1.34, 1.5)}, {'text': 'atividades', 'timestamp': (1.6, 2.12)}, {'text': 'de', 'timestamp': (2.18, 2.22)}, {'text': 'professor', 'timestamp': (2.3, 2.72)}, {'text': 'universitário', 'timestamp': (2.8, 3.48)}];0,1;0,1;0,18999999999999995;0,014084507042253521
./audios/SP_DID_250_404.08033_404.72877.wav;404,08033;404,72877;felizmente;felizmente;0,6484399999999937;felizmente;;[{'text': 'felizmente', 'timestamp': (1.02, 1.56)}];0,0;0,0;0,0;0,0
./audios/SP_DID_250_405.55013_406.77677.wav;405,55013;406,77677;estou muito contente com isso;estou muito contente com isso;1,2266399999999749;sou muito contente com isso;;[{'text': 'sou', 'timestamp': (0.02, 0.12)}, {'text': 'muito', 'timestamp': (0.14, 0.28)}, {'text': 'contente', 'timestamp': (0.4, 0.8)}, {'text': 'com', 'timestamp': (0.88, 0.96)}, {'text': 'isso', 'timestamp': (1.0, 1.18)}];0,2;0,2;0,3599999999999999;0,06896551724137931
./audios/SP_DID_250_408.29521_411.733.wav;408,29521;411,733;vivo num ambiente sadio gosto de conviver com os meus discípulos;vivo num ambiente sadio gosto de conviver com os meus discípulos;3,437790000000007;vivo num ambiente tadinho gosto de conviver com os meus municípios;;[{'text': 'vivo', 'timestamp': (0.08, 0.26)}, {'text': 'num', 'timestamp': (0.34, 0.48)}, {'text': 'ambiente', 'timestamp': (0.5, 0.8)}, {'text': 'tadinho', 'timestamp': (0.92, 1.3)}, {'text': 'gosto', 'timestamp': (1.5, 1.8)}, {'text': 'de', 'timestamp': (1.9, 1.94)}, {'text': 'conviver', 'timestamp': (2.06, 2.42)}, {'text': 'com', 'timestamp': (2.5, 2.58)}, {'text': 'os', 'timestamp': (2.62, 2.68)}, {'text': 'meus', 'timestamp': (2.74, 2.86)}, {'text': 'municípios', 'timestamp': (2.9, 3.4)}];0,18181818181818182;0,18181818181818182;0,3305785123966941;0,140625
./audios/SP_DID_250_412.87858_413.88856.wav;412,87858;413,88856;com os meus colegas;com os meus colegas;1,0099799999999846;como os meus colegas;;[{'text': 'como', 'timestamp': (0.02, 0.1)}, {'text': 'os', 'timestamp': (0.12, 0.2)}, {'text': 'meus', 'timestamp': (0.26, 0.42)}, {'text': 'colegas', 'timestamp': (0.5, 0.92)}];0,25;0,25;0,4375;0,05263157894736842
./audios/SP_DID_250_415.2611_417.50904.wav;415,2611;417,50904;e:: estou afastado dessa;e estou afastado dessa;2,2479400000000282;e estou afastado dessa;;[{'text': 'e', 'timestamp': (0.08, 0.1)}, {'text': 'estou', 'timestamp': (0.7, 0.9)}, {'text': 'afastado', 'timestamp': (0.96, 1.6)}, {'text': 'dessa', 'timestamp': (1.76, 2.12)}];0,0;0,0;0,0;0,0
./audios/SP_DID_250_418.05713_419.30539.wav;418,05713;419,30539;desse burburinho;desse burburinho;1,2482600000000161;esse borborinho;;[{'text': 'esse', 'timestamp': (0.06, 0.22)}, {'text': 'borborinho', 'timestamp': (0.34, 1.16)}];1,0;1,0;1,0;0,1875
./audios/SP_DID_250_419.9052_421.79108.wav;419,9052;421,79108;desse corpo a corpo da da;desse corpo a corpo da da;1,8858800000000429;desse corpo a corpo da da;;[{'text': 'desse', 'timestamp': (0.06, 0.3)}, {'text': 'corpo', 'timestamp': (0.44, 0.72)}, {'text': 'a', 'timestamp': (0.82, 0.84)}, {'text': 'corpo', 'timestamp': (0.98, 1.26)}, {'text': 'da', 'timestamp': (1.36, 1.44)}, {'text': 'da', 'timestamp': (1.68, 1.74)}];0,0;0,0;0,0;0,0
./audios/SP_DID_250_422.16394_423.60086.wav;422,16394;423,60086;da advocacia e da Justiça;da advocacia e da justiça;1,4369199999999864;da democracia e da justiça;;[{'text': 'da', 'timestamp': (0.1, 0.14)}, {'text': 'democracia', 'timestamp': (0.16, 0.78)}, {'text': 'e', 'timestamp': (0.8, 0.84)}, {'text': 'da', 'timestamp': (0.88, 0.94)}, {'text': 'justiça', 'timestamp': (1.04, 1.34)}];0,2;0,2;0,3599999999999999;0,16
./audios/SP_DID_250_431.36512_431.5801.wav;431,36512;431,5801;bem;bem;0,21498000000002548;tente;;[{'text': 'tente', 'timestamp': (0.98, 1.28)}];1,0;1,0;1,0;1,3333333333333333
./audios/SP_DID_250_431.67394_431.92477.wav;431,67394;431,92477;eu;eu;0,25083000000000766;eu;;[{'text': 'eu', 'timestamp': (1.1, 1.16)}];0,0;0,0;0,0;0,0
./audios/SP_DID_250_431.9789_433.24027.wav;431,9789;433,24027; eu devo dizer que::;eu devo dizer que;1,2613699999999994;eu devo dizer que;;[{'text': 'eu', 'timestamp': (0.06, 0.1)}, {'text': 'devo', 'timestamp': (0.2, 0.36)}, {'text': 'dizer', 'timestamp': (0.44, 0.74)}, {'text': 'que', 'timestamp': (0.88, 0.94)}];0,0;0,0;0,0;0,0
./audios/SP_DID_250_433.52178_434.50233.wav;433,52178;434,50233;ahn::;ah;0,9805499999999938;ah;;[{'text': 'ah', 'timestamp': (1.22, 1.34)}];0,0;0,0;0,0;0,0
./audios/SP_DID_250_436.88791_437.99117.wav;436,88791;437,99117;o que vou declarar;o que vou declarar;1,1032600000000343;o que vou declarar;;[{'text': 'o', 'timestamp': (0.04, 0.08)}, {'text': 'que', 'timestamp': (0.12, 0.2)}, {'text': 'vou', 'timestamp': (0.3, 0.4)}, {'text': 'declarar', 'timestamp': (0.5, 0.98)}];0,0;0,0;0,0;0,0
./audios/SP_DID_250_439.47089_442.79122.wav;439,47089;442,79122;é muito aleatório porque como nós acabamos de ver eu não;é muito aleatório porque como nós acabamos de ver eu não;3,3203300000000127;é muito aleatória porque como nós acabamos de ver e não;;[{'text': 'é', 'timestamp': (0.04, 0.06)}, {'text': 'muito', 'timestamp': (0.16, 0.3)}, {'text': 'aleatória', 'timestamp': (0.44, 1.04)}, {'text': 'porque', 'timestamp': (1.14, 1.36)}, {'text': 'como', 'timestamp': (1.56, 1.72)}, {'text': 'nós', 'timestamp': (1.8, 1.92)}, {'text': 'acabamos', 'timestamp': (2.02, 2.5)}, {'text': 'de', 'timestamp': (2.58, 2.62)}, {'text': 'ver', 'timestamp': (2.72, 2.9)}, {'text': 'e', 'timestamp': (2.98, 3.0)}, {'text': 'não', 'timestamp': (3.1, 3.2)}];0,18181818181818182;0,18181818181818182;0,3305785123966941;0,03571428571428571
./audios/SP_DID_250_442.95002_443.23244.wav;442,95002;443,23244;SOU;sou;0,2824200000000019;do;;[{'text': 'do', 'timestamp': (0.98, 1.06)}];1,0;1,0;1,0;0,6666666666666666
./audios/SP_DID_250_443.38154_444.634.wav;443,38154;444,634;um advogado militante;um advogado militante;1,2524600000000419;um advogado militar;;[{'text': 'um', 'timestamp': (0.06, 0.12)}, {'text': 'advogado', 'timestamp': (0.18, 0.66)}, {'text': 'militar', 'timestamp': (0.8, 1.16)}];0,3333333333333333;0,3333333333333333;0,5555555555555556;0,14285714285714285
./audios/SP_DID_250_446.21722_447.79356.wav;446,21722;447,79356;e não sou consultor de firmas;e não sou consultor de firmas;1,576340000000016;e não sou consultor de firmo;;[{'text': 'e', 'timestamp': (0.06, 0.08)}, {'text': 'não', 'timestamp': (0.16, 0.24)}, {'text': 'sou', 'timestamp': (0.38, 0.5)}, {'text': 'consultor', 'timestamp': (0.62, 1.12)}, {'text': 'de', 'timestamp': (1.18, 1.22)}, {'text': 'firmo', 'timestamp': (1.34, 1.54)}];0,16666666666666666;0,16666666666666666;0,30555555555555547;0,06896551724137931
./audios/SP_DID_250_449.6949_450.14996.wav;449,6949;450,14996;mas;mas;0,45506000000000313;mas;;[{'text': 'mas', 'timestamp': (1.06, 1.28)}];0,0;0,0;0,0;0,0
./audios/SP_DID_250_450.87522_451.4725.wav;450,87522;451,4725;ho-je;hoje;0,597280000000012;hoje;;[{'text': 'hoje', 'timestamp': (1.04, 1.34)}];0,0;0,0;0,0;0,0
./audios/SP_DID_250_452.68837_453.35675.wav;452,68837;453,35675;ah::;ah;0,6683799999999565;a;;[{'text': 'a', 'timestamp': (1.1, 1.12)}];1,0;1,0;1,0;0,5
./audios/SP_DID_250_454.78594_456.4941.wav;454,78594;456,4941;existe o que se chama o;existe o que se chama o;1,7081600000000208;existe o que se chama;;[{'text': 'existe', 'timestamp': (0.06, 0.56)}, {'text': 'o', 'timestamp': (0.9, 0.92)}, {'text': 'que', 'timestamp': (1.0, 1.08)}, {'text': 'se', 'timestamp': (1.18, 1.24)}, {'text': 'chama', 'timestamp': (1.36, 1.56)}];0,16666666666666666;0,16666666666666666;0,16666666666666663;0,08695652173913043
./audios/SP_DID_250_456.71761_457.859.wav;456,71761;457,859;Fundo de Garantia;fundo de garantia;1,1413900000000012;fundo de garantia;;[{'text': 'fundo', 'timestamp': (0.04, 0.24)}, {'text': 'de', 'timestamp': (0.32, 0.38)}, {'text': 'garantia', 'timestamp': (0.48, 1.04)}];0,0;0,0;0,0;0,0
./audios/SP_DID_250_458.7654_459.26323.wav;458,7654;459,26323;quer dizer ;quer dizer;0,49783000000002176;quer dizer;;[{'text': 'quer', 'timestamp': (1.0, 1.1)}, {'text': 'dizer', 'timestamp': (1.14, 1.32)}];0,0;0,0;0,0;0,0
./audios/SP_DID_250_459.26323_460.20881.wav;459,26323;460,20881;um depósito;um depósito;0,9455800000000067;um depósito;;[{'text': 'um', 'timestamp': (1.04, 1.1)}, {'text': 'depósito', 'timestamp': (1.18, 1.8)}];0,0;0,0;0,0;0,0
./audios/SP_DID_250_461.01229_463.16099.wav;461,01229;463,16099;que se processa por pagamentos;que se processa por pagamentos;2,1487000000000194;e se processa por pagamentos;;[{'text': 'e', 'timestamp': (0.02, 0.04)}, {'text': 'se', 'timestamp': (0.12, 0.18)}, {'text': 'processa', 'timestamp': (0.28, 0.8)}, {'text': 'por', 'timestamp': (0.98, 1.1)}, {'text': 'pagamentos', 'timestamp': (1.26, 1.9)}];0,2;0,2;0,3599999999999999;0,06666666666666667
./audios/SP_DID_250_463.5734_464.36.wav;463,5734;464,36; mensais;mensais;0,7866000000000213;mensais;;[{'text': 'mensais', 'timestamp': (1.06, 1.58)}];0,0;0,0;0,0;0,0
./audios/SP_DID_250_464.63995_465.57142.wav;464,63995;465,57142;eu creio que;eu creio que;0,9314699999999903;eu creio que;;[{'text': 'eu', 'timestamp': (1.06, 1.14)}, {'text': 'creio', 'timestamp': (1.24, 1.5)}, {'text': 'que', 'timestamp': (1.62, 1.7)}];0,0;0,0;0,0;0,0
./audios/SP_DID_250_466.20424_468.28759.wav;466,20424;468,28759;o patrão responde por uma parte;o patrão responde por uma parte;2,083349999999996;o patrão responde por uma parte;;[{'text': 'o', 'timestamp': (0.08, 0.1)}, {'text': 'patrão', 'timestamp': (0.18, 0.5)}, {'text': 'responde', 'timestamp': (0.64, 1.04)}, {'text': 'por', 'timestamp': (1.18, 1.28)}, {'text': 'uma', 'timestamp': (1.34, 1.42)}, {'text': 'parte', 'timestamp': (1.56, 1.88)}];0,0;0,0;0,0;0,0
./audios/SP_DID_250_468.92041_471.95081.wav;468,92041;471,95081;e o empregado descontado em seu salário responde por outra;e o empregado descontado em seu salário responde por outra;3,030399999999986;e o empregado descontado de seu salário responde por outro;;[{'text': 'e', 'timestamp': (0.06, 0.08)}, {'text': 'o', 'timestamp': (0.18, 0.2)}, {'text': 'empregado', 'timestamp': (0.3, 0.8)}, {'text': 'descontado', 'timestamp': (0.96, 1.52)}, {'text': 'de', 'timestamp': (1.58, 1.64)}, {'text': 'seu', 'timestamp': (1.72, 1.84)}, {'text': 'salário', 'timestamp': (1.94, 2.2)}, {'text': 'responde', 'timestamp': (2.34, 2.68)}, {'text': 'por', 'timestamp': (2.78, 2.84)}, {'text': 'outro', 'timestamp': (2.88, 3.0)}];0,2;0,2;0,3599999999999999;0,05172413793103448
./audios/SP_DID_250_472.74717_475.2117.wav;472,74717;475,2117;mas esses depósitos vão constituído;mas esses depósitos vão constituído;2,4645300000000248;mas esses depósitos vão constituir;;[{'text': 'mas', 'timestamp': (0.02, 0.12)}, {'text': 'esses', 'timestamp': (0.3, 0.56)}, {'text': 'depósitos', 'timestamp': (0.64, 1.26)}, {'text': 'vão', 'timestamp': (1.44, 1.54)}, {'text': 'constituir', 'timestamp': (1.68, 2.32)}];0,2;0,2;0,3599999999999999;0,08571428571428572
./audios/SP_DID_250_475.47107_477.49663.wav;475,47107;477,49663; vão constituindo um fundo;vão constituindo um fundo;2,0255599999999845;vão constituindo um fundo;;[{'text': 'vão', 'timestamp': (0.02, 0.12)}, {'text': 'constituindo', 'timestamp': (0.24, 1.04)}, {'text': 'um', 'timestamp': (1.32, 1.4)}, {'text': 'fundo', 'timestamp': (1.58, 1.88)}];0,0;0,0;0,0;0,0
./audios/SP_DID_250_478.31658_479.8226.wav;478,31658;479,8226;QUE mediante condições;que mediante condições;1,506020000000035;que mediante condições;;[{'text': 'que', 'timestamp': (0.0, 0.08)}, {'text': 'mediante', 'timestamp': (0.3, 0.66)}, {'text': 'condições', 'timestamp': (0.84, 1.42)}];0,0;0,0;0,0;0,0
./audios/SP_DID_250_480.50449_482.60955.wav;480,50449;482,60955; --não posso precisar exatamente quais;não posso precisar exatamente quais;2,1050600000000372;não posso precisar exatamente quais;;[{'text': 'não', 'timestamp': (0.06, 0.16)}, {'text': 'posso', 'timestamp': (0.28, 0.5)}, {'text': 'precisar', 'timestamp': (0.62, 1.04)}, {'text': 'exatamente', 'timestamp': (1.12, 1.66)}, {'text': 'quais', 'timestamp': (1.8, 2.02)}];0,0;0,0;0,0;0,0
./audios/SP_DID_250_483.06135_483.91895.wav;483,06135;483,91895;porque isso seria;porque isso seria;0,8575999999999908;o que seria;;[{'text': 'o', 'timestamp': (1.04, 1.06)}, {'text': 'que', 'timestamp': (1.12, 1.18)}, {'text': 'seria', 'timestamp': (1.44, 1.76)}];0,6666666666666666;0,6666666666666666;0,8888888888888888;0,4117647058823529
./audios/SP_DID_250_484.39167_488.77222.wav;484,39167;488,77222;ah:: uma questão de::: conhecer muito bem;ah uma questão de conhecer muito bem;4,380550000000028;é uma questão de conhecer muito bem;;[{'text': 'é', 'timestamp': (0.46, 0.48)}, {'text': 'uma', 'timestamp': (0.54, 0.64)}, {'text': 'questão', 'timestamp': (0.74, 1.1)}, {'text': 'de', 'timestamp': (1.26, 1.32)}, {'text': 'conhecer', 'timestamp': (3.14, 3.58)}, {'text': 'muito', 'timestamp': (3.72, 3.88)}, {'text': 'bem', 'timestamp': (4.04, 4.22)}];0,14285714285714285;0,14285714285714285;0,26530612244897966;0,05555555555555555
./audios/SP_DID_250_489.48988_491.93256.wav;489,48988;491,93256;a Legislação Trabalhista e eu estou afastado disso;a legislação trabalhista e eu estou afastado disso;2,4426799999999957;a legislação trabalhista e eu sou afastado do;;[{'text': 'a', 'timestamp': (0.14, 0.16)}, {'text': 'legislação', 'timestamp': (0.22, 0.64)}, {'text': 'trabalhista', 'timestamp': (0.74, 1.26)}, {'text': 'e', 'timestamp': (1.36, 1.38)}, {'text': 'eu', 'timestamp': (1.48, 1.54)}, {'text': 'sou', 'timestamp': (1.6, 1.7)}, {'text': 'afastado', 'timestamp': (1.74, 2.18)}, {'text': 'do', 'timestamp': (2.28, 2.4)}];0,25;0,25;0,4375;0,1
./audios/SP_DID_250_492.93863_493.40813.wav;492,93863;493,40813;MAS;mas;0,4695000000000391;mas;;[{'text': 'mas', 'timestamp': (1.1, 1.46)}];0,0;0,0;0,0;0,0
./audios/SP_DID_250_493.93799_496.22511.wav;493,93799;496,22511;Ah:: preenchidas as condições legais;ah preenchidas as condições legais;2,287119999999959;preenchidas as condições legais;;[{'text': 'preenchidas', 'timestamp': (0.64, 1.2)}, {'text': 'as', 'timestamp': (1.3, 1.36)}, {'text': 'condições', 'timestamp': (1.44, 1.8)}, {'text': 'legais', 'timestamp': (1.86, 2.22)}];0,2;0,2;0,19999999999999996;0,08823529411764706
./audios/SP_DID_250_497.09704_498.40621.wav;497,09704;498,40621;o fundo de garantia;o fundo de garantia;1,3091699999999946;o ponto de garantia;;[{'text': 'o', 'timestamp': (0.08, 0.1)}, {'text': 'ponto', 'timestamp': (0.28, 0.5)}, {'text': 'de', 'timestamp': (0.56, 0.6)}, {'text': 'garantia', 'timestamp': (0.68, 1.2)}];0,25;0,25;0,4375;0,15789473684210525
./audios/SP_DID_250_498.60072_499.92202.wav;498,60072;499,92202;justamente assegura;justamente assegura;1,321299999999951;justamente a segura;;[{'text': 'justamente', 'timestamp': (0.1, 0.56)}, {'text': 'a', 'timestamp': (0.7, 0.72)}, {'text': 'segura', 'timestamp': (0.86, 1.26)}];1,0;0,6666666666666666;0,8333333333333334;0,05263157894736842
./audios/SP_DID_250_500.72017_502.47072.wav;500,72017;502,47072;ao empregado que se retira;ao empregado que se retira;1,7505499999999756;há um empregado que se retira;;[{'text': 'há', 'timestamp': (0.04, 0.08)}, {'text': 'um', 'timestamp': (0.16, 0.2)}, {'text': 'empregado', 'timestamp': (0.26, 0.78)}, {'text': 'que', 'timestamp': (0.9, 0.98)}, {'text': 'se', 'timestamp': (1.12, 1.16)}, {'text': 'retira', 'timestamp': (1.3, 1.68)}];0,4;0,3333333333333333;0,4666666666666667;0,19230769230769232
./audios/SP_DID_250_504.1408_506.81152.wav;504,1408;506,81152;um:: certo:: ressarcimento;um certo ressarcimento;2,6707199999999602;ou um certo resarcibento;;[{'text': 'ou', 'timestamp': (0.06, 0.14)}, {'text': 'um', 'timestamp': (0.58, 0.74)}, {'text': 'certo', 'timestamp': (0.96, 1.36)}, {'text': 'resarcibento', 'timestamp': (1.9, 2.62)}];0,6666666666666666;0,5;0,6666666666666667;0,22727272727272727
./audios/SP_DID_250_508.32062_508.68951.wav;508,32062;508,68951;não é?;não é;0,36888999999996486;não é;;[{'text': 'não', 'timestamp': (1.04, 1.14)}, {'text': 'é', 'timestamp': (1.18, 1.2)}];0,0;0,0;0,0;0,0
./audios/SP_DID_250_509.42058_511.86326.wav;509,42058;511,86326;que pelo menos durante algum tempo lhe permitirá;que pelo menos durante algum tempo lhe permitirá;2,4426800000000526;pelo menos durante algum tempo ele permitirá;;[{'text': 'pelo', 'timestamp': (0.16, 0.28)}, {'text': 'menos', 'timestamp': (0.34, 0.5)}, {'text': 'durante', 'timestamp': (0.56, 0.76)}, {'text': 'algum', 'timestamp': (0.84, 1.02)}, {'text': 'tempo', 'timestamp': (1.14, 1.32)}, {'text': 'ele', 'timestamp': (1.44, 1.52)}, {'text': 'permitirá', 'timestamp': (1.66, 2.2)}];0,25;0,25;0,3571428571428572;0,125
./audios/SP_DID_250_512.36629_513.58699.wav;512,36629;513,58699;a:::;a;1,2206999999999653;ah;;[{'text': 'ah', 'timestamp': (0.08, 0.18)}];1,0;1,0;1,0;1,0
./audios/SP_DID_250_513.68089_514.57293.wav;513,68089;514,57293;a subsistência;a subsistência;0,8920400000000654;subsistência;;[{'text': 'subsistência', 'timestamp': (0.96, 1.76)}];0,5;0,5;0,5;0,14285714285714285
./audios/SP_DID_250_515.41132_518.44423.wav;515,41132;518,44423;até que ele naturalmente obtenha;até que ele naturalmente obtenha;3,0329099999999016;até que ele naturalmente obtenha;;[{'text': 'até', 'timestamp': (0.06, 0.26)}, {'text': 'que', 'timestamp': (0.46, 0.54)}, {'text': 'ele', 'timestamp': (0.66, 0.8)}, {'text': 'naturalmente', 'timestamp': (1.52, 2.06)}, {'text': 'obtenha', 'timestamp': (2.4, 2.86)}];0,0;0,0;0,0;0,0
./audios/SP_DID_250_519.04116_520.15454.wav;519,04116;520,15454;um um novo emprego;um um novo emprego;1,1133800000000065;e o novo em preto;;[{'text': 'e', 'timestamp': (0.1, 0.12)}, {'text': 'o', 'timestamp': (0.44, 0.46)}, {'text': 'novo', 'timestamp': (0.5, 0.68)}, {'text': 'em', 'timestamp': (0.74, 0.78)}, {'text': 'preto', 'timestamp': (0.84, 1.04)}];1,0;0,8;0,95;0,3333333333333333
./audios/SP_DID_250_521.40206_523.90477.wav;521,40206;523,90477;eu tenho impressão que hoje (ele) se processa dessa maneira;eu tenho impressão que hoje ele se processa dessa maneira;2,502709999999979;eu tenho a impressão que hoje se processa dessa maneira;;[{'text': 'eu', 'timestamp': (0.02, 0.08)}, {'text': 'tenho', 'timestamp': (0.14, 0.28)}, {'text': 'a', 'timestamp': (0.3, 0.32)}, {'text': 'impressão', 'timestamp': (0.36, 0.72)}, {'text': 'que', 'timestamp': (0.82, 0.9)}, {'text': 'hoje', 'timestamp': (0.98, 1.18)}, {'text': 'se', 'timestamp': (1.3, 1.42)}, {'text': 'processa', 'timestamp': (1.54, 1.92)}, {'text': 'dessa', 'timestamp': (2.0, 2.22)}, {'text': 'maneira', 'timestamp': (2.3, 2.46)}];0,2;0,18181818181818182;0,18999999999999995;0,10526315789473684
./audios/SP_DID_250_524.08586_525.57484.wav;524,08586;525,57484;ANtes do Fundo de Garantia;antes do fundo de garantia;1,4889799999999696;antes do fundo de garantia;;[{'text': 'antes', 'timestamp': (0.06, 0.34)}, {'text': 'do', 'timestamp': (0.4, 0.46)}, {'text': 'fundo', 'timestamp': (0.56, 0.74)}, {'text': 'de', 'timestamp': (0.8, 0.84)}, {'text': 'garantia', 'timestamp': (0.9, 1.32)}];0,0;0,0;0,0;0,0
./audios/SP_DID_250_526.44005_528.24.wav;526,44005;528,24; a questão é que se resolvia;a questão é que se resolvia;1,799949999999967;a questão é que se resolvia;;[{'text': 'a', 'timestamp': (0.04, 0.06)}, {'text': 'questão', 'timestamp': (0.14, 0.46)}, {'text': 'é', 'timestamp': (0.68, 0.7)}, {'text': 'que', 'timestamp': (0.78, 0.86)}, {'text': 'se', 'timestamp': (0.98, 1.04)}, {'text': 'resolvia', 'timestamp': (1.16, 1.72)}];0,0;0,0;0,0;0,0
./audios/SP_DID_250_528.85206_530.40811.wav;528,85206;530,40811;nos termos daque::la;nos termos daquela;1,5560499999999138;nos termos da quela;;[{'text': 'nos', 'timestamp': (0.16, 0.3)}, {'text': 'termos', 'timestamp': (0.42, 0.74)}, {'text': 'da', 'timestamp': (0.8, 0.86)}, {'text': 'quela', 'timestamp': (1.02, 1.3)}];0,6666666666666666;0,5;0,6666666666666667;0,05555555555555555
./audios/SP_DID_250_531.08553_533.052.wav;531,08553;533,052;ahn::: dispensa que eu me referi;ah dispensa que eu me referi;1,966470000000072;e dispensa a que eu me referi;;[{'text': 'e', 'timestamp': (0.1, 0.12)}, {'text': 'dispensa', 'timestamp': (0.62, 1.04)}, {'text': 'a', 'timestamp': (1.12, 1.14)}, {'text': 'que', 'timestamp': (1.18, 1.26)}, {'text': 'eu', 'timestamp': (1.28, 1.32)}, {'text': 'me', 'timestamp': (1.38, 1.42)}, {'text': 'referi', 'timestamp': (1.5, 1.8)}];0,3333333333333333;0,2857142857142857;0,40476190476190477;0,14285714285714285
./audios/SP_DID_250_534.32635_537.50011.wav;534,32635;537,50011;quando respondi à:: à pergunta anterior se não estou enganado;quando respondi à à pergunta anterior se não estou enganado;3,173759999999902;quando respondi à pergunta anterior se não estou enganada;;[{'text': 'quando', 'timestamp': (0.02, 0.16)}, {'text': 'respondi', 'timestamp': (0.26, 0.62)}, {'text': 'à', 'timestamp': (1.34, 1.36)}, {'text': 'pergunta', 'timestamp': (1.44, 1.74)}, {'text': 'anterior', 'timestamp': (1.84, 2.2)}, {'text': 'se', 'timestamp': (2.34, 2.4)}, {'text': 'não', 'timestamp': (2.44, 2.5)}, {'text': 'estou', 'timestamp': (2.56, 2.7)}, {'text': 'enganada', 'timestamp': (2.76, 3.12)}];0,2;0,2;0,28888888888888886;0,05084745762711865
./audios/SP_DID_250_539.36468_540.30368.wav;539,36468;540,30368;foi até muito bom é/;foi até muito bom é;0,9389999999999645;foi até muito bom e;;[{'text': 'foi', 'timestamp': (1.0, 1.08)}, {'text': 'até', 'timestamp': (1.12, 1.24)}, {'text': 'muito', 'timestamp': (1.32, 1.48)}, {'text': 'bom', 'timestamp': (1.62, 1.74)}, {'text': 'e', 'timestamp': (1.88, 1.92)}];0,2;0,2;0,3599999999999999;0,05263157894736842
./audios/SP_DID_250_540.39758_542.85909.wav;540,39758;542,85909;éh:: muito boa essa pergunta agora porque;eh muito boa essa pergunta agora porque;2,4615100000000893;é muito boa essa pergunta agora porque;;[{'text': 'é', 'timestamp': (0.04, 0.06)}, {'text': 'muito', 'timestamp': (0.58, 0.72)}, {'text': 'boa', 'timestamp': (0.84, 0.96)}, {'text': 'essa', 'timestamp': (1.04, 1.18)}, {'text': 'pergunta', 'timestamp': (1.24, 1.56)}, {'text': 'agora', 'timestamp': (1.66, 1.96)}, {'text': 'porque', 'timestamp': (2.08, 2.32)}];0,14285714285714285;0,14285714285714285;0,26530612244897966;0,05128205128205128
./audios/SP_DID_250_544.87922_546.99196.wav;544,87922;546,99196;ficou mais claro fazer agora;ficou mais claro fazer agora;2,112739999999917;ficou mais claro talvez agora;;[{'text': 'ficou', 'timestamp': (0.06, 0.3)}, {'text': 'mais', 'timestamp': (0.42, 0.58)}, {'text': 'claro', 'timestamp': (0.7, 0.96)}, {'text': 'talvez', 'timestamp': (1.1, 1.48)}, {'text': 'agora', 'timestamp': (1.58, 1.92)}];0,2;0,2;0,3599999999999999;0,14285714285714285
./audios/SP_DID_250_548.34009_549.81023.wav;548,34009;549,81023;ficou mais clara a explicação;ficou mais clara a explicação;1,4701400000000149;com mais clara explicação;;[{'text': 'com', 'timestamp': (0.1, 0.18)}, {'text': 'mais', 'timestamp': (0.24, 0.36)}, {'text': 'clara', 'timestamp': (0.46, 0.68)}, {'text': 'explicação', 'timestamp': (0.78, 1.36)}];0,4;0,4;0,55;0,1724137931034483
./audios/SP_DID_250_550.73582_553.02294.wav;550,73582;553,02294;configurada essa essa saída do;configurada essa essa saída do;2,287119999999959;configurava essa essa saída do;;[{'text': 'configurava', 'timestamp': (0.14, 0.7)}, {'text': 'essa', 'timestamp': (0.78, 0.98)}, {'text': 'essa', 'timestamp': (1.18, 1.4)}, {'text': 'saída', 'timestamp': (1.66, 2.04)}, {'text': 'do', 'timestamp': (2.14, 2.2)}];0,2;0,2;0,3599999999999999;0,03333333333333333
./audios/SP_DID_250_553.19733_553.91144.wav;553,19733;553,91144;do trabalhador;do trabalhador;0,7141100000000051;o trabalhador;;[{'text': 'o', 'timestamp': (1.04, 1.06)}, {'text': 'trabalhador', 'timestamp': (1.14, 1.66)}];0,5;0,5;0,75;0,07142857142857142
./audios/SP_DID_250_553.91144_554.16315.wav;553,91144;554,16315;não é?;não é;0,25171000000000276;não é;;[{'text': 'não', 'timestamp': (1.02, 1.1)}, {'text': 'é', 'timestamp': (1.16, 1.18)}];0,0;0,0;0,0;0,0
./audios/SP_DID_250_554.88081_556.49181.wav;554,88081;556,49181;por::: de modo próprio;por de modo próprio;1,61099999999999;por ano e de mata pra;;[{'text': 'por', 'timestamp': (0.0, 0.34)}, {'text': 'ano', 'timestamp': (0.42, 0.7)}, {'text': 'e', 'timestamp': (0.86, 0.88)}, {'text': 'de', 'timestamp': (1.0, 1.06)}, {'text': 'mata', 'timestamp': (1.14, 1.32)}, {'text': 'pra', 'timestamp': (1.42, 1.58)}];1,0;0,6666666666666666;0,8333333333333334;0,6842105263157895
./audios/SP_DID_250_563.06947_565.20531.wav;563,06947;565,20531;o acordo se processava ou melhor;o acordo se processava ou melhor;2,13584000000003;o acordo se processava ou melhor;;[{'text': 'o', 'timestamp': (0.04, 0.08)}, {'text': 'acordo', 'timestamp': (0.14, 0.52)}, {'text': 'se', 'timestamp': (0.64, 0.7)}, {'text': 'processava', 'timestamp': (0.82, 1.52)}, {'text': 'ou', 'timestamp': (1.74, 1.78)}, {'text': 'melhor', 'timestamp': (1.84, 2.06)}];0,0;0,0;0,0;0,0
./audios/SP_DID_250_565.91031_566.64563.wav;565,91031;566,64563;acordo;acordo;0,7353200000000015;acordo;;[{'text': 'acordo', 'timestamp': (1.04, 1.56)}];0,0;0,0;0,0;0,0
./audios/SP_DID_250_567.17627_567.94337.wav;567,17627;567,94337;haveria;haveria;0,767099999999914;averia;;[{'text': 'averia', 'timestamp': (1.04, 1.56)}];1,0;1,0;1,0;0,14285714285714285
./audios/SP_DID_250_568.7545_569.51257.wav;568,7545;569,51257;se as partes;se as partes;0,7580699999999752;e as partes;;[{'text': 'e', 'timestamp': (1.02, 1.04)}, {'text': 'as', 'timestamp': (1.12, 1.2)}, {'text': 'partes', 'timestamp': (1.32, 1.76)}];0,3333333333333333;0,3333333333333333;0,5555555555555556;0,08333333333333333
./audios/SP_DID_250_569.73999_570.71031.wav;569,73999;570,71031;concordassem;concordassem;0,9703200000000152;concordassem;;[{'text': 'concordassem', 'timestamp': (1.0, 1.84)}];0,0;0,0;0,0;0,0
./audios/SP_DID_250_571.33192_572.21127.wav;571,33192;572,21127;em que::;em que;0,8793500000000449;em que;;[{'text': 'em', 'timestamp': (1.06, 1.2)}, {'text': 'que', 'timestamp': (1.38, 1.44)}];0,0;0,0;0,0;0,0
./audios/SP_DID_250_572.93143_574.42482.wav;572,93143;574,42482;uma delas pagaria;uma delas pagaria;1,4933899999999767;uma delas pagaria;;[{'text': 'uma', 'timestamp': (0.1, 0.24)}, {'text': 'delas', 'timestamp': (0.38, 0.68)}, {'text': 'pagaria', 'timestamp': (0.8, 1.3)}];0,0;0,0;0,0;0,0
./audios/SP_DID_250_574.82047_575.41176.wav;574,82047;575,41176;o patrão;o patrão;0,5912899999999581;o patrão;;[{'text': 'o', 'timestamp': (1.06, 1.08)}, {'text': 'patrão', 'timestamp': (1.14, 1.46)}];0,0;0,0;0,0;0,0
./audios/SP_DID_250_576.03337_579.56439.wav;576,03337;579,56439;e a outra receberia o empregado uma determinada importância;e a outra receberia o empregado uma determinada importância;3,5310200000000123;e a outra receberia um empregado uma determinada importância;;[{'text': 'e', 'timestamp': (0.06, 0.08)}, {'text': 'a', 'timestamp': (0.16, 0.18)}, {'text': 'outra', 'timestamp': (0.28, 0.52)}, {'text': 'receberia', 'timestamp': (0.62, 1.24)}, {'text': 'um', 'timestamp': (1.32, 1.36)}, {'text': 'empregado', 'timestamp': (1.42, 1.9)}, {'text': 'uma', 'timestamp': (2.1, 2.2)}, {'text': 'determinada', 'timestamp': (2.26, 2.8)}, {'text': 'importância', 'timestamp': (2.9, 3.42)}];0,1111111111111111;0,1111111111111111;0,2098765432098766;0,03389830508474576
./audios/SP_DID_250_581.58272_582.26193.wav;581,58272;582,26193;Ou então;ou então;0,6792100000000119;ou então;;[{'text': 'ou', 'timestamp': (1.06, 1.14)}, {'text': 'então', 'timestamp': (1.2, 1.52)}];0,0;0,0;0,0;0,0
./audios/SP_DID_250_582.89814_584.18777.wav;582,89814;584,18777;se não houvesse acordo;se não houvesse acordo;1,2896299999999883;se não houvesse acorde;;[{'text': 'se', 'timestamp': (0.02, 0.1)}, {'text': 'não', 'timestamp': (0.14, 0.26)}, {'text': 'houvesse', 'timestamp': (0.34, 0.76)}, {'text': 'acorde', 'timestamp': (0.84, 1.24)}];0,25;0,25;0,4375;0,045454545454545456
./audios/SP_DID_250_585.52038_586.67245.wav;585,52038;586,67245;a demanda;a demanda;1,1520699999999806;a demanda;;[{'text': 'a', 'timestamp': (0.08, 0.1)}, {'text': 'demanda', 'timestamp': (0.44, 0.96)}];0,0;0,0;0,0;0,0
./audios/SP_DID_250_587.36885_588.42799.wav;587,36885;588,42799;seguiria o seu trâmite;seguiria o seu trâmite;1,0591400000000704;seguiria o seu trame;;[{'text': 'seguiria', 'timestamp': (0.04, 0.34)}, {'text': 'o', 'timestamp': (0.38, 0.4)}, {'text': 'seu', 'timestamp': (0.48, 0.58)}, {'text': 'trame', 'timestamp': (0.72, 0.94)}];0,25;0,25;0,4375;0,13636363636363635
./audios/SP_DID_250_588.63433_591.31675.wav;588,63433;591,31675;até final --em geral as causas iam terminar no;até final em geral as causas iam terminar no;2,682419999999979;até final em geral as causas iam terminar no;;[{'text': 'até', 'timestamp': (0.06, 0.2)}, {'text': 'final', 'timestamp': (0.36, 0.6)}, {'text': 'em', 'timestamp': (0.76, 0.82)}, {'text': 'geral', 'timestamp': (0.92, 1.16)}, {'text': 'as', 'timestamp': (1.24, 1.32)}, {'text': 'causas', 'timestamp': (1.4, 1.72)}, {'text': 'iam', 'timestamp': (1.82, 1.94)}, {'text': 'terminar', 'timestamp': (2.04, 2.42)}, {'text': 'no', 'timestamp': (2.58, 2.64)}];0,0;0,0;0,0;0,0
./audios/SP_DID_250_591.92718_593.60369.wav;591,92718;593,60369;Supremo Tribunal do Trabalho--;supremo tribunal do trabalho;1,6765100000000075;supremo tribunal do trabalho;;[{'text': 'supremo', 'timestamp': (0.04, 0.4)}, {'text': 'tribunal', 'timestamp': (0.54, 1.0)}, {'text': 'do', 'timestamp': (1.08, 1.14)}, {'text': 'trabalho', 'timestamp': (1.24, 1.6)}];0,0;0,0;0,0;0,0
./audios/SP_DID_250_595.6327_596.05563.wav;595,6327;596,05563;e::;e;0,4229299999999512;e;;[{'text': 'e', 'timestamp': (1.06, 1.08)}];0,0;0,0;0,0;0,0
./audios/SP_DID_250_596.39094_597.76654.wav;596,39094;597,76654; então por decisão Ju/;então por decisão ju;1,375599999999963;então por decisão;;[{'text': 'então', 'timestamp': (0.04, 0.26)}, {'text': 'por', 'timestamp': (0.42, 0.52)}, {'text': 'decisão', 'timestamp': (0.62, 1.06)}];0,25;0,25;0,25;0,15
./audios/SP_DID_250_597.92129_598.6005.wav;597,92129;598,6005;Judicial;judicial;0,6792100000000119;judicial;;[{'text': 'judicial', 'timestamp': (1.02, 1.58)}];0,0;0,0;0,0;0,0
./audios/SP_DID_250_599.32269_601.17975.wav;599,32269;601,17975;o funcionário receberia;o funcionário receberia;1,8570600000000468;ou funcionário receberia;;[{'text': 'ou', 'timestamp': (0.06, 0.14)}, {'text': 'funcionário', 'timestamp': (0.46, 1.0)}, {'text': 'receberia', 'timestamp': (1.12, 1.78)}];0,3333333333333333;0,3333333333333333;0,5555555555555556;0,043478260869565216
./audios/SP_DID_250_602.26999_606.32393.wav;602,26999;606,32393;e/ eu ahn::: posso citar um caso concreto meu;e eu ah posso citar um caso concreto meu;4,053940000000011;e eu posso citar um caso concreto meu;;[{'text': 'e', 'timestamp': (0.08, 0.1)}, {'text': 'eu', 'timestamp': (0.3, 0.38)}, {'text': 'posso', 'timestamp': (1.86, 2.04)}, {'text': 'citar', 'timestamp': (2.16, 2.44)}, {'text': 'um', 'timestamp': (2.76, 2.8)}, {'text': 'caso', 'timestamp': (2.9, 3.12)}, {'text': 'concreto', 'timestamp': (3.24, 3.68)}, {'text': 'meu', 'timestamp': (3.8, 3.94)}];0,1111111111111111;0,1111111111111111;0,11111111111111116;0,075
./audios/SP_DID_250_607.70978_609.3519.wav;607,70978;609,3519;no tempo em que eu trabalhava;no tempo em que eu trabalhava;1,6421199999999772;no tempo em que eu trabalhava;;[{'text': 'no', 'timestamp': (0.08, 0.14)}, {'text': 'tempo', 'timestamp': (0.26, 0.44)}, {'text': 'em', 'timestamp': (0.54, 0.58)}, {'text': 'que', 'timestamp': (0.62, 0.7)}, {'text': 'eu', 'timestamp': (0.74, 0.8)}, {'text': 'trabalhava', 'timestamp': (0.86, 1.48)}];0,0;0,0;0,0;0,0
./audios/SP_DID_250_610.01391_611.92256.wav;610,01391;611,92256; no:: no curso secundário;no no curso secundário;1,908649999999966;no no curso secundário;;[{'text': 'no', 'timestamp': (0.2, 0.28)}, {'text': 'no', 'timestamp': (0.8, 0.86)}, {'text': 'curso', 'timestamp': (0.98, 1.18)}, {'text': 'secundário', 'timestamp': (1.3, 1.86)}];0,0;0,0;0,0;0,0
./audios/SP_DID_250_612.72212_613.90858.wav;612,72212;613,90858;o:::;o;1,186460000000011;o;;[{'text': 'o', 'timestamp': (0.06, 0.08)}];0,0;0,0;0,0;0,0
./audios/SP_DID_250_615.40455_618.68185.wav;615,40455;618,68185;Liceu Panamericano que era mantido pela Escola Paulista de Medicina;liceu panamericano que era mantido pela escola paulista de medicina;3,277300000000082;liceu panamericano que era mantido pela escola paulista de medicina;;[{'text': 'liceu', 'timestamp': (0.06, 0.38)}, {'text': 'panamericano', 'timestamp': (0.52, 1.14)}, {'text': 'que', 'timestamp': (1.2, 1.28)}, {'text': 'era', 'timestamp': (1.32, 1.38)}, {'text': 'mantido', 'timestamp': (1.44, 1.72)}, {'text': 'pela', 'timestamp': (1.8, 1.94)}, {'text': 'escola', 'timestamp': (2.0, 2.22)}, {'text': 'paulista', 'timestamp': (2.32, 2.68)}, {'text': 'de', 'timestamp': (2.74, 2.8)}, {'text': 'medicina', 'timestamp': (2.84, 3.22)}];0,0;0,0;0,0;0,0
./audios/SP_DID_250_620.20361_621.9403.wav;620,20361;621,9403;teve as suas atividades interrompidas;teve as suas atividades interrompidas;1,7366899999999532;tente e as suas atividades interrompidas;;[{'text': 'tente', 'timestamp': (0.02, 0.2)}, {'text': 'e', 'timestamp': (0.22, 0.24)}, {'text': 'as', 'timestamp': (0.26, 0.32)}, {'text': 'suas', 'timestamp': (0.36, 0.48)}, {'text': 'atividades', 'timestamp': (0.56, 0.96)}, {'text': 'interrompidas', 'timestamp': (1.06, 1.68)}];0,4;0,3333333333333333;0,4666666666666667;0,10810810810810811
./audios/SP_DID_250_622.59372_623.32616.wav;622,59372;623,32616;por decisão;por decisão;0,7324399999999969;por decisão;;[{'text': 'por', 'timestamp': (1.0, 1.1)}, {'text': 'decisão', 'timestamp': (1.18, 1.64)}];0,0;0,0;0,0;0,0
./audios/SP_DID_250_623.8592_625.13219.wav;623,8592;625,13219;da instituição mantenedora;da instituição mantenedora;1,2729900000000498;da instituição mantenedora;;[{'text': 'da', 'timestamp': (0.04, 0.08)}, {'text': 'instituição', 'timestamp': (0.14, 0.52)}, {'text': 'mantenedora', 'timestamp': (0.6, 1.2)}];0,0;0,0;0,0;0,0
./audios/SP_DID_250_625.13219_625.45066.wav;625,13219;625,45066;quer dizer;quer dizer;0,31846999999993386;e de;;[{'text': 'e', 'timestamp': (1.08, 1.1)}, {'text': 'de', 'timestamp': (1.18, 1.26)}];1,0;1,0;1,0;0,6
./audios/SP_DID_250_625.45066_627.8513.wav;625,45066;627,8513;a escola resolveu encerrar as atividades do Liceu;a escola resolveu encerrar as atividades do liceu;2,4006400000000667;a escola resolveu encerrar as atividades do licença;;[{'text': 'a', 'timestamp': (0.02, 0.04)}, {'text': 'escola', 'timestamp': (0.08, 0.36)}, {'text': 'resolveu', 'timestamp': (0.46, 0.78)}, {'text': 'encerrar', 'timestamp': (0.86, 1.16)}, {'text': 'as', 'timestamp': (1.22, 1.26)}, {'text': 'atividades', 'timestamp': (1.32, 1.82)}, {'text': 'do', 'timestamp': (1.92, 1.98)}, {'text': 'licença', 'timestamp': (2.02, 2.32)}];0,125;0,125;0,234375;0,061224489795918366
./audios/SP_DID_250_628.99191_631.48438.wav;628,99191;631,48438;eu e outros colegas éramos professores do Liceu;eu e outros colegas éramos professores do liceu;2,4924700000000257;eu e outros colegas éramos professores do lite;;[{'text': 'eu', 'timestamp': (0.06, 0.16)}, {'text': 'e', 'timestamp': (0.32, 0.34)}, {'text': 'outros', 'timestamp': (0.44, 0.7)}, {'text': 'colegas', 'timestamp': (0.78, 1.16)}, {'text': 'éramos', 'timestamp': (1.24, 1.44)}, {'text': 'professores', 'timestamp': (1.52, 2.06)}, {'text': 'do', 'timestamp': (2.12, 2.16)}, {'text': 'lite', 'timestamp': (2.22, 2.38)}];0,125;0,125;0,234375;0,0425531914893617
./audios/SP_DID_250_633.65096_634.8149.wav;633,65096;634,8149;encerradas as atividades;encerradas as atividades;1,1639399999999114;é encerrado e atividade;;[{'text': 'é', 'timestamp': (0.02, 0.04)}, {'text': 'encerrado', 'timestamp': (0.1, 0.46)}, {'text': 'e', 'timestamp': (0.54, 0.56)}, {'text': 'atividade', 'timestamp': (0.64, 1.08)}];1,3333333333333333;1,0;1,0;0,2916666666666667
./audios/SP_DID_250_635.12441_635.88959.wav;635,12441;635,88959;sob a alegação;sob a alegação;0,7651799999999866;sob a ligação;;[{'text': 'sob', 'timestamp': (1.0, 1.12)}, {'text': 'a', 'timestamp': (1.16, 1.18)}, {'text': 'ligação', 'timestamp': (1.24, 1.68)}];0,3333333333333333;0,3333333333333333;0,5555555555555556;0,14285714285714285
./audios/SP_DID_250_636.15612_636.28508.wav;636,15612;636,28508;de;de;0,1289600000000064;o rio;;[{'text': 'o', 'timestamp': (0.84, 0.88)}, {'text': 'rio', 'timestamp': (1.02, 1.26)}];2,0;1,0;1,0;2,5
./audios/SP_DID_250_636.67197_637.30818.wav;636,67197;637,30818;força maior;força maior;0,6362100000000055;força maior;;[{'text': 'força', 'timestamp': (1.04, 1.28)}, {'text': 'maior', 'timestamp': (1.36, 1.56)}];0,0;0,0;0,0;0,0
./audios/SP_DID_250_637.45434_638.46025.wav;637,45434;638,46025;motivo de força maior;motivo de força maior;1,0059099999999717;um tipo de força maior;;[{'text': 'um', 'timestamp': (0.02, 0.1)}, {'text': 'tipo', 'timestamp': (0.16, 0.3)}, {'text': 'de', 'timestamp': (0.34, 0.4)}, {'text': 'força', 'timestamp': (0.48, 0.7)}, {'text': 'maior', 'timestamp': (0.76, 0.96)}];0,5;0,4;0,55;0,14285714285714285
./audios/SP_DID_250_639.79286_642.45809.wav;639,79286;642,45809;impossibilidade financeira de continuar mantendo;impossibilidade financeira de continuar mantendo;2,6652299999999514;e possibilidade financeira de continuar mantendo;;[{'text': 'e', 'timestamp': (0.04, 0.06)}, {'text': 'possibilidade', 'timestamp': (0.2, 0.76)}, {'text': 'financeira', 'timestamp': (0.86, 1.34)}, {'text': 'de', 'timestamp': (1.42, 1.46)}, {'text': 'continuar', 'timestamp': (1.58, 1.98)}, {'text': 'mantendo', 'timestamp': (2.08, 2.56)}];0,4;0,3333333333333333;0,4666666666666667;0,041666666666666664
./audios/SP_DID_250_643.27485_643.73217.wav;643,27485;643,73217;o Liceu;o liceu;0,4573199999999815;no liceu;;[{'text': 'no', 'timestamp': (1.0, 1.06)}, {'text': 'liceu', 'timestamp': (1.08, 1.38)}];0,5;0,5;0,75;0,14285714285714285
./audios/SP_DID_250_644.62631_645.52045.wav;644,62631;645,52045;é::;é;0,894139999999993;ah;;[{'text': 'ah', 'timestamp': (1.08, 1.14)}];1,0;1,0;1,0;2,0
./audios/SP_DID_250_647.66983_649.90171.wav;647,66983;649,90171;o:: advogado da Escola Paulista;o advogado da escola paulista;2,231879999999933;o advogado da escola paulista;;[{'text': 'o', 'timestamp': (0.1, 0.12)}, {'text': 'advogado', 'timestamp': (0.44, 1.08)}, {'text': 'da', 'timestamp': (1.22, 1.28)}, {'text': 'escola', 'timestamp': (1.36, 1.6)}, {'text': 'paulista', 'timestamp': (1.7, 2.16)}];0,0;0,0;0,0;0,0
./audios/SP_DID_250_650.10661_651.66959.wav;650,10661;651,66959;fez a todos uma proposta;fez a todos uma proposta;1,562979999999925;fez a todos uma proposta;;[{'text': 'fez', 'timestamp': (0.04, 0.16)}, {'text': 'a', 'timestamp': (0.22, 0.24)}, {'text': 'todos', 'timestamp': (0.36, 0.6)}, {'text': 'uma', 'timestamp': (0.68, 0.78)}, {'text': 'proposta', 'timestamp': (0.88, 1.42)}];0,0;0,0;0,0;0,0
./audios/SP_DID_250_652.58524_654.2717.wav;652,58524;654,2717;que recebêssemos cinquenta por cento;que recebêssemos cinquenta por cento;1,686460000000011;que recebesse os cinquenta por cento;;[{'text': 'que', 'timestamp': (0.0, 0.08)}, {'text': 'recebesse', 'timestamp': (0.14, 0.66)}, {'text': 'os', 'timestamp': (0.78, 0.82)}, {'text': 'cinquenta', 'timestamp': (0.92, 1.28)}, {'text': 'por', 'timestamp': (1.38, 1.46)}, {'text': 'cento', 'timestamp': (1.54, 1.66)}];0,4;0,3333333333333333;0,4666666666666667;0,05555555555555555
./audios/SP_DID_250_655.52144_655.73864.wav;655,52144;655,73864;--SEM;sem;0,21720000000004802;tão;;[{'text': 'tão', 'timestamp': (1.0, 1.12)}];1,0;1,0;1,0;1,0
./audios/SP_DID_250_655.85389_656.51021.wav;655,85389;656,51021;condenar;condenar;0,6563200000000506;condenar;;[{'text': 'condenar', 'timestamp': (1.0, 1.54)}];0,0;0,0;0,0;0,0
./audios/SP_DID_250_657.43608_658.57904.wav;657,43608;658,57904;absolutamente;absolutamente;1,1429600000000164;absolutamente;;[{'text': 'absolutamente', 'timestamp': (0.04, 0.88)}];0,0;0,0;0,0;0,0
./audios/SP_DID_250_659.00165_660.29828.wav;659,00165;660,29828;a atitude dos colegas;a atitude dos colegas;1,2966299999999364;a atitude dos colegas;;[{'text': 'a', 'timestamp': (0.04, 0.08)}, {'text': 'atitude', 'timestamp': (0.14, 0.5)}, {'text': 'dos', 'timestamp': (0.6, 0.7)}, {'text': 'colegas', 'timestamp': (0.8, 1.26)}];0,0;0,0;0,0;0,0
./audios/SP_DID_250_660.69269_662.12699.wav;660,69269;662,12699;que aceitaram esse acordo;que aceitaram esse acordo;1,4343000000000075;e aceitaram esse acordo;;[{'text': 'e', 'timestamp': (0.12, 0.14)}, {'text': 'aceitaram', 'timestamp': (0.22, 0.84)}, {'text': 'esse', 'timestamp': (0.92, 1.06)}, {'text': 'acordo', 'timestamp': (1.12, 1.4)}];0,25;0,25;0,4375;0,08
./audios/SP_DID_250_662.90818_665.00902.wav;662,90818;665,00902;afinal de contas é um problema individual de cada um --;afinal de contas é um problema individual de cada um;2,1008399999999483;em a de contas é o problema individual de cada um;;[{'text': 'em', 'timestamp': (0.0, 0.08)}, {'text': 'a', 'timestamp': (0.14, 0.16)}, {'text': 'de', 'timestamp': (0.2, 0.24)}, {'text': 'contas', 'timestamp': (0.32, 0.56)}, {'text': 'é', 'timestamp': (0.62, 0.64)}, {'text': 'o', 'timestamp': (0.7, 0.72)}, {'text': 'problema', 'timestamp': (0.76, 1.02)}, {'text': 'individual', 'timestamp': (1.12, 1.6)}, {'text': 'de', 'timestamp': (1.66, 1.72)}, {'text': 'cada', 'timestamp': (1.8, 1.94)}, {'text': 'um', 'timestamp': (2.0, 2.04)}];0,3;0,2727272727272727;0,4181818181818181;0,1346153846153846
./audios/SP_DID_250_666.01431_666.67445.wav;666,01431;666,67445;eu e outros;eu e outros;0,6601399999999558;eu e outros;;[{'text': 'eu', 'timestamp': (1.04, 1.16)}, {'text': 'e', 'timestamp': (1.28, 1.3)}, {'text': 'outros', 'timestamp': (1.38, 1.7)}];0,0;0,0;0,0;0,0
./audios/SP_DID_250_668.10555_670.61619.wav;668,10555;670,61619;que víamos naquilo mais uma questão de princípio;que víamos naquilo mais uma questão de princípio;2,5106399999999667;que víamos naquilo mais uma questão de princípio;;[{'text': 'que', 'timestamp': (0.0, 0.08)}, {'text': 'víamos', 'timestamp': (0.14, 0.44)}, {'text': 'naquilo', 'timestamp': (0.5, 0.86)}, {'text': 'mais', 'timestamp': (0.96, 1.14)}, {'text': 'uma', 'timestamp': (1.24, 1.32)}, {'text': 'questão', 'timestamp': (1.4, 1.68)}, {'text': 'de', 'timestamp': (1.74, 1.78)}, {'text': 'princípio', 'timestamp': (1.86, 2.44)}];0,0;0,0;0,0;0,0
./audios/SP_DID_250_671.57666_674.38826.wav;671,57666;674,38826;do que uma questão de ordem financeira não aceitamos;do que uma questão de ordem financeira não aceitamos;2,8115999999999985;do que uma questão de ordem financeira não aceitava;;[{'text': 'do', 'timestamp': (0.06, 0.12)}, {'text': 'que', 'timestamp': (0.22, 0.28)}, {'text': 'uma', 'timestamp': (0.66, 0.76)}, {'text': 'questão', 'timestamp': (0.84, 1.12)}, {'text': 'de', 'timestamp': (1.18, 1.24)}, {'text': 'ordem', 'timestamp': (1.28, 1.44)}, {'text': 'financeira', 'timestamp': (1.52, 1.92)}, {'text': 'não', 'timestamp': (2.04, 2.14)}, {'text': 'aceitava', 'timestamp': (2.22, 2.72)}];0,1111111111111111;0,1111111111111111;0,2098765432098766;0,057692307692307696
./audios/SP_DID_250_675.25009_675.98485.wav;675,25009;675,98485;não aceitamos;não aceitamos;0,7347600000000511;não aceitamos;;[{'text': 'não', 'timestamp': (1.04, 1.12)}, {'text': 'aceitamos', 'timestamp': (1.18, 1.74)}];0,0;0,0;0,0;0,0
./audios/SP_DID_250_676.18335_679.21203.wav;676,18335;679,21203; porque nos pareceu que não havia motivo de força maior;porque nos pareceu que não havia motivo de força maior;3,0286800000000085;porque nos pareceu que não havia motivo de força maior;;[{'text': 'porque', 'timestamp': (0.04, 0.2)}, {'text': 'nos', 'timestamp': (0.3, 0.4)}, {'text': 'pareceu', 'timestamp': (0.48, 0.86)}, {'text': 'que', 'timestamp': (0.94, 1.02)}, {'text': 'não', 'timestamp': (1.12, 1.22)}, {'text': 'havia', 'timestamp': (1.3, 1.7)}, {'text': 'motivo', 'timestamp': (1.86, 2.18)}, {'text': 'de', 'timestamp': (2.24, 2.28)}, {'text': 'força', 'timestamp': (2.38, 2.64)}, {'text': 'maior', 'timestamp': (2.7, 2.9)}];0,0;0,0;0,0;0,0
./audios/SP_DID_250_681.66566_682.31238.wav;681,66566;682,31238;uma vez;uma vez;0,6467199999999593;uma vez;;[{'text': 'uma', 'timestamp': (1.06, 1.2)}, {'text': 'vez', 'timestamp': (1.36, 1.6)}];0,0;0,0;0,0;0,0
./audios/SP_DID_250_682.46605_684.51506.wav;682,46605;684,51506; que inclusive a escola;que inclusive a escola;2,049009999999953;e inclusive a escola;;[{'text': 'e', 'timestamp': (0.18, 0.2)}, {'text': 'inclusive', 'timestamp': (0.44, 1.04)}, {'text': 'a', 'timestamp': (1.4, 1.42)}, {'text': 'escola', 'timestamp': (1.5, 1.92)}];0,25;0,25;0,4375;0,09090909090909091
./audios/SP_DID_250_685.30264_686.62932.wav;685,30264;686,62932;era proprieTÁria;era proprietária;1,3266800000000103;era proprietária;;[{'text': 'era', 'timestamp': (0.06, 0.18)}, {'text': 'proprietária', 'timestamp': (0.38, 1.28)}];0,0;0,0;0,0;0,0
./audios/SP_DID_250_687.66663_688.51185.wav;687,66663;688,51185;do imóvel;do imóvel;0,8452199999999266;do imóvel;;[{'text': 'do', 'timestamp': (1.0, 1.08)}, {'text': 'imóvel', 'timestamp': (1.18, 1.74)}];0,0;0,0;0,0;0,0
./audios/SP_DID_250_689.2354_692.16482.wav;689,2354;692,16482;ONde estava instalado o Liceu na sua última fase;onde estava instalado o liceu na sua última fase;2,9294199999999364;onde estava instalado o liceo da sua última fase;;[{'text': 'onde', 'timestamp': (0.06, 0.28)}, {'text': 'estava', 'timestamp': (0.38, 0.72)}, {'text': 'instalado', 'timestamp': (0.8, 1.26)}, {'text': 'o', 'timestamp': (1.32, 1.34)}, {'text': 'liceo', 'timestamp': (1.4, 1.72)}, {'text': 'da', 'timestamp': (1.78, 1.82)}, {'text': 'sua', 'timestamp': (1.92, 2.02)}, {'text': 'última', 'timestamp': (2.1, 2.32)}, {'text': 'fase', 'timestamp': (2.44, 2.68)}];0,2222222222222222;0,2222222222222222;0,3950617283950617;0,041666666666666664
./audios/SP_DID_250_694.92262_699.0546.wav;694,92262;699,0546;portanto era senhora de um patrimônio que assegurava amplamente nos parecia;portanto era senhora de um patrimônio que assegurava amplamente nos parecia;4,131979999999999;portanto era a senhora de um patrimônio que assegurava amplamente nos parecia;;[{'text': 'portanto', 'timestamp': (0.04, 0.44)}, {'text': 'era', 'timestamp': (0.74, 0.82)}, {'text': 'a', 'timestamp': (0.86, 0.88)}, {'text': 'senhora', 'timestamp': (0.96, 1.22)}, {'text': 'de', 'timestamp': (1.28, 1.32)}, {'text': 'um', 'timestamp': (1.38, 1.44)}, {'text': 'patrimônio', 'timestamp': (1.52, 1.94)}, {'text': 'que', 'timestamp': (2.0, 2.06)}, {'text': 'assegurava', 'timestamp': (2.08, 2.56)}, {'text': 'amplamente', 'timestamp': (2.64, 3.14)}, {'text': 'nos', 'timestamp': (3.32, 3.44)}, {'text': 'parecia', 'timestamp': (3.52, 3.98)}];0,09090909090909091;0,08333333333333333;0,08333333333333337;0,02666666666666667
./audios/SP_DID_250_699.84986_701.75284.wav;699,84986;701,75284;o o pagamento das indenizações;o o pagamento das indenizações;1,9029799999999568;o o pagamento das indenizações;;[{'text': 'o', 'timestamp': (0.06, 0.08)}, {'text': 'o', 'timestamp': (0.26, 0.28)}, {'text': 'pagamento', 'timestamp': (0.4, 0.86)}, {'text': 'das', 'timestamp': (0.96, 1.1)}, {'text': 'indenizações', 'timestamp': (1.18, 1.86)}];0,0;0,0;0,0;0,0
./audios/SP_DID_250_701.98926_702.85804.wav;701,98926;702,85804;então não víamos motivo;então não víamos motivo;0,8687800000000152;então nós íamos muito;;[{'text': 'então', 'timestamp': (1.02, 1.18)}, {'text': 'nós', 'timestamp': (1.24, 1.3)}, {'text': 'íamos', 'timestamp': (1.38, 1.58)}, {'text': 'muito', 'timestamp': (1.64, 1.92)}];0,75;0,75;0,9375;0,2608695652173913
./audios/SP_DID_250_702.85804_703.8736.wav;702,85804;703,8736;não há força maior;não há força maior;1,0155600000000504;não há força maior;;[{'text': 'não', 'timestamp': (0.1, 0.2)}, {'text': 'há', 'timestamp': (0.24, 0.28)}, {'text': 'força', 'timestamp': (0.44, 0.68)}, {'text': 'maior', 'timestamp': (0.76, 0.94)}];0,0;0,0;0,0;0,0
./audios/SP_DID_250_705.16034_706.31411.wav;705,16034;706,31411;há outras conveniências;há outras conveniências;1,1537700000000086;há outras convenia;;[{'text': 'há', 'timestamp': (0.06, 0.1)}, {'text': 'outras', 'timestamp': (0.24, 0.58)}, {'text': 'convenia', 'timestamp': (0.68, 1.08)}];0,3333333333333333;0,3333333333333333;0,5555555555555556;0,21739130434782608
./audios/SP_DID_250_706.65517_707.21327.wav;706,65517;707,21327;da escola;da escola;0,5580999999999676;na escola;;[{'text': 'na', 'timestamp': (1.06, 1.12)}, {'text': 'escola', 'timestamp': (1.18, 1.5)}];0,5;0,5;0,75;0,1111111111111111
./audios/SP_DID_250_707.82564_709.19827.wav;707,82564;709,19827;que não nos dizem (a) respeito;que não nos dizem a respeito;1,3726299999999583;que não nos dizem respeito;;[{'text': 'que', 'timestamp': (0.0, 0.08)}, {'text': 'não', 'timestamp': (0.12, 0.2)}, {'text': 'nos', 'timestamp': (0.26, 0.34)}, {'text': 'dizem', 'timestamp': (0.42, 0.66)}, {'text': 'respeito', 'timestamp': (0.76, 1.14)}];0,16666666666666666;0,16666666666666666;0,16666666666666663;0,07142857142857142
./audios/SP_DID_250_710.18983_712.8268.wav;710,18983;712,8268;então nós achamos que temos direito a recebimento integral;então nós achamos que temos direito a recebimento integral;2,6369700000000194;então nós achamos que temos direito a recebimento integral;;[{'text': 'então', 'timestamp': (0.04, 0.22)}, {'text': 'nós', 'timestamp': (0.26, 0.38)}, {'text': 'achamos', 'timestamp': (0.44, 0.68)}, {'text': 'que', 'timestamp': (0.72, 0.78)}, {'text': 'temos', 'timestamp': (0.84, 0.98)}, {'text': 'direito', 'timestamp': (1.06, 1.3)}, {'text': 'a', 'timestamp': (1.36, 1.38)}, {'text': 'recebimento', 'timestamp': (1.46, 2.02)}, {'text': 'integral', 'timestamp': (2.12, 2.54)}];0,0;0,0;0,0;0,0
./audios/SP_DID_250_714.78976_720.54281.wav;714,78976;720,54281;o advogado alegava com muita habilidade ''é:: o senhor vai demorar muito os senhores vão receber dinheiro desvalorizado'' não tem importância;o advogado alegava com muita habilidade é o senhor vai demorar muito os senhores vão receber dinheiro desvalorizado não tem importância;5,75305000000003;o advogado alegava com muita habilidade e o senhor vai demorar muito o senhor não receber dinheiro e valorizado não tem por conta;;[{'text': 'o', 'timestamp': (0.04, 0.06)}, {'text': 'advogado', 'timestamp': (0.1, 0.54)}, {'text': 'alegava', 'timestamp': (0.66, 1.02)}, {'text': 'com', 'timestamp': (1.1, 1.16)}, {'text': 'muita', 'timestamp': (1.2, 1.32)}, {'text': 'habilidade', 'timestamp': (1.36, 1.64)}, {'text': 'e', 'timestamp': (2.06, 2.08)}, {'text': 'o', 'timestamp': (2.14, 2.16)}, {'text': 'senhor', 'timestamp': (2.18, 2.34)}, {'text': 'vai', 'timestamp': (2.42, 2.5)}, {'text': 'demorar', 'timestamp': (2.56, 2.8)}, {'text': 'muito', 'timestamp': (2.9, 3.18)}, {'text': 'o', 'timestamp': (3.24, 3.26)}, {'text': 'senhor', 'timestamp': (3.3, 3.42)}, {'text': 'não', 'timestamp': (3.52, 3.58)}, {'text': 'receber', 'timestamp': (3.66, 3.96)}, {'text': 'dinheiro', 'timestamp': (4.04, 4.24)}, {'text': 'e', 'timestamp': (4.4, 4.42)}, {'text': 'valorizado', 'timestamp': (4.54, 4.9)}, {'text': 'não', 'timestamp': (4.98, 5.04)}, {'text': 'tem', 'timestamp': (5.08, 5.18)}, {'text': 'por', 'timestamp': (5.26, 5.36)}, {'text': 'conta', 'timestamp': (5.44, 5.66)}];0,38095238095238093;0,34782608695652173;0,5341614906832298;0,1037037037037037
./audios/SP_DID_250_721.92257_723.27219.wav;721,92257;723,27219;trata-se da defesa de um direito;tratase da defesa de um direito;1,3496200000000727;trata-se da defesa de um direito;;[{'text': 'trata-se', 'timestamp': (0.02, 0.34)}, {'text': 'da', 'timestamp': (0.4, 0.44)}, {'text': 'defesa', 'timestamp': (0.5, 0.82)}, {'text': 'de', 'timestamp': (0.9, 0.94)}, {'text': 'um', 'timestamp': (1.0, 1.04)}, {'text': 'direito', 'timestamp': (1.1, 1.32)}];0,16666666666666666;0,16666666666666666;0,30555555555555547;0,03225806451612903
./audios/SP_DID_250_724.35652_726.01681.wav;724,35652;726,01681;e nós não queremos transigir nesse ponto;e nós não queremos transigir nesse ponto;1,660289999999918;e nós não queremos transigir nesse ponto;;[{'text': 'e', 'timestamp': (0.04, 0.06)}, {'text': 'nós', 'timestamp': (0.12, 0.24)}, {'text': 'não', 'timestamp': (0.3, 0.36)}, {'text': 'queremos', 'timestamp': (0.4, 0.66)}, {'text': 'transigir', 'timestamp': (0.74, 1.14)}, {'text': 'nesse', 'timestamp': (1.2, 1.36)}, {'text': 'ponto', 'timestamp': (1.46, 1.6)}];0,0;0,0;0,0;0,0
./audios/SP_DID_250_726.45089_730.17933.wav;726,45089;730,17933;então realmente a causa se arrastou durante quatro anos et cetera;então realmente a causa se arrastou durante quatro anos et cetera;3,7284400000000915;então realmente a causa se arrastou durante quatro anos etc;;[{'text': 'então', 'timestamp': (0.06, 0.28)}, {'text': 'realmente', 'timestamp': (0.48, 0.84)}, {'text': 'a', 'timestamp': (0.96, 0.98)}, {'text': 'causa', 'timestamp': (1.06, 1.28)}, {'text': 'se', 'timestamp': (1.36, 1.4)}, {'text': 'arrastou', 'timestamp': (1.46, 1.88)}, {'text': 'durante', 'timestamp': (2.04, 2.26)}, {'text': 'quatro', 'timestamp': (2.4, 2.68)}, {'text': 'anos', 'timestamp': (2.78, 3.18)}, {'text': 'etc', 'timestamp': (3.26, 3.54)}];0,18181818181818182;0,18181818181818182;0,26363636363636356;0,09230769230769231
./audios/SP_DID_250_730.70886_731.58995.wav;730,70886;731,58995;e foi terminar;e foi terminar;0,8810900000000856;e foi terminado;;[{'text': 'e', 'timestamp': (1.04, 1.06)}, {'text': 'foi', 'timestamp': (1.18, 1.3)}, {'text': 'terminado', 'timestamp': (1.38, 1.86)}];0,3333333333333333;0,3333333333333333;0,5555555555555556;0,14285714285714285
./audios/SP_DID_250_731.73518_733.52379.wav;731,73518;733,52379; no julgamento final no Supremo Tribunal;no julgamento final no supremo tribunal;1,7886099999999487;o julgamento final do supremo tribunal;;[{'text': 'o', 'timestamp': (0.02, 0.04)}, {'text': 'julgamento', 'timestamp': (0.18, 0.56)}, {'text': 'final', 'timestamp': (0.66, 0.86)}, {'text': 'do', 'timestamp': (0.94, 0.98)}, {'text': 'supremo', 'timestamp': (1.06, 1.34)}, {'text': 'tribunal', 'timestamp': (1.4, 1.72)}];0,3333333333333333;0,3333333333333333;0,5555555555555556;0,05128205128205128
./audios/SP_DID_250_734.61473_735.8911.wav;734,61473;735,8911;recebemos integralmente;recebemos integralmente;1,2763700000000426;recebemos integralmente;;[{'text': 'recebemos', 'timestamp': (0.1, 0.66)}, {'text': 'integralmente', 'timestamp': (0.74, 1.22)}];0,0;0,0;0,0;0,0
./audios/SP_DID_250_736.48444_737.74701.wav;736,48444;737,74701;com o dinheiro desvalorizado;com o dinheiro desvalorizado;1,2625700000000961;com o dinheiro desvalorizado;;[{'text': 'com', 'timestamp': (0.02, 0.1)}, {'text': 'o', 'timestamp': (0.12, 0.14)}, {'text': 'dinheiro', 'timestamp': (0.18, 0.44)}, {'text': 'desvalorizado', 'timestamp': (0.52, 1.16)}];0,0;0,0;0,0;0,0
./audios/SP_DID_250_738.31275_740.76332.wav;738,31275;740,76332; --naquele tempo não havia correção monetária;naquele tempo não havia correção monetária;2,4505699999999706;naquele tempo não havia correção monetária;;[{'text': 'naquele', 'timestamp': (0.04, 0.32)}, {'text': 'tempo', 'timestamp': (0.42, 0.62)}, {'text': 'não', 'timestamp': (0.72, 0.8)}, {'text': 'havia', 'timestamp': (0.86, 1.16)}, {'text': 'correção', 'timestamp': (1.28, 1.72)}, {'text': 'monetária', 'timestamp': (1.86, 2.42)}];0,0;0,0;0,0;0,0
./audios/SP_DID_250_741.21177_745.29748.wav;741,21177;745,29748;se houvesse a Escola Paulista tinha levado uma bordoada daquele tamanho--;se houvesse a escola paulista tinha levado uma bordoada daquele tamanho;4,085709999999949;se houvesse a escola paulista tinha levado uma bordoada daquele tamanho;;[{'text': 'se', 'timestamp': (0.02, 0.1)}, {'text': 'houvesse', 'timestamp': (0.14, 0.7)}, {'text': 'a', 'timestamp': (0.84, 0.86)}, {'text': 'escola', 'timestamp': (0.92, 1.22)}, {'text': 'paulista', 'timestamp': (1.32, 1.72)}, {'text': 'tinha', 'timestamp': (1.88, 2.02)}, {'text': 'levado', 'timestamp': (2.1, 2.36)}, {'text': 'uma', 'timestamp': (2.44, 2.52)}, {'text': 'bordoada', 'timestamp': (2.64, 3.22)}, {'text': 'daquele', 'timestamp': (3.32, 3.64)}, {'text': 'tamanho', 'timestamp': (3.74, 4.04)}];0,0;0,0;0,0;0,0
./audios/SP_DID_250_748.39525_748.67123.wav;748,39525;748,67123;viu?;viu;0,2759800000000041;eu;;[{'text': 'eu', 'timestamp': (1.04, 1.14)}];1,0;1,0;1,0;0,6666666666666666
./audios/SP_DID_250_749.62333_752.14404.wav;749,62333;752,14404;então nós recebemos realmente dinheiro desvalorizado;então nós recebemos realmente dinheiro desvalorizado;2,520710000000008;então nós recebemos realmente dinheiro desvalorizado;;[{'text': 'então', 'timestamp': (0.06, 0.26)}, {'text': 'nós', 'timestamp': (0.36, 0.46)}, {'text': 'recebemos', 'timestamp': (0.54, 1.04)}, {'text': 'realmente', 'timestamp': (1.14, 1.48)}, {'text': 'dinheiro', 'timestamp': (1.62, 1.8)}, {'text': 'desvalorizado', 'timestamp': (1.84, 2.44)}];0,0;0,0;0,0;0,0
./audios/SP_DID_250_752.14404_753.12259.wav;752,14404;753,12259;com juros sim;com juros sim;0,9785499999999274;um juro sim;;[{'text': 'um', 'timestamp': (1.14, 1.2)}, {'text': 'juro', 'timestamp': (1.26, 1.5)}, {'text': 'sim', 'timestamp': (1.68, 1.8)}];0,6666666666666666;0,6666666666666666;0,8888888888888888;0,23076923076923078
./audios/SP_DID_250_753.55725_755.99959.wav;753,55725;755,99959;do tempo do correspondente ao tempo decorrido;do tempo do correspondente ao tempo decorrido;2,4423400000000584;do tempo e correspondentes ao tempo decorrido;;[{'text': 'do', 'timestamp': (0.08, 0.12)}, {'text': 'tempo', 'timestamp': (0.22, 0.4)}, {'text': 'e', 'timestamp': (0.5, 0.52)}, {'text': 'correspondentes', 'timestamp': (0.88, 1.42)}, {'text': 'ao', 'timestamp': (1.52, 1.56)}, {'text': 'tempo', 'timestamp': (1.64, 1.8)}, {'text': 'decorrido', 'timestamp': (1.9, 2.34)}];0,2857142857142857;0,2857142857142857;0,4897959183673469;0,06666666666666667
./audios/SP_DID_250_756.91306_757.32743.wav;756,91306;757,32743;MAS;mas;0,4143700000000763;mas;;[{'text': 'mas', 'timestamp': (1.06, 1.3)}];0,0;0,0;0,0;0,0
./audios/SP_DID_250_757.53673_758.13398.wav;757,53673;758,13398;não era co/;não era co;0,5972499999999172;não era com;;[{'text': 'não', 'timestamp': (1.06, 1.16)}, {'text': 'era', 'timestamp': (1.22, 1.36)}, {'text': 'com', 'timestamp': (1.48, 1.64)}];0,3333333333333333;0,3333333333333333;0,5555555555555556;0,1
./audios/SP_DID_250_758.35385_759.63583.wav;758,35385;759,63583;como a correção monetária de hoje;como a correção monetária de hoje;1,2819800000000896;uma conversão monetária de hoje;;[{'text': 'uma', 'timestamp': (0.02, 0.14)}, {'text': 'conversão', 'timestamp': (0.16, 0.48)}, {'text': 'monetária', 'timestamp': (0.54, 0.94)}, {'text': 'de', 'timestamp': (1.02, 1.06)}, {'text': 'hoje', 'timestamp': (1.1, 1.24)}];0,5;0,5;0,7;0,24242424242424243
./audios/SP_DID_250_761.36943_763.78299.wav;761,36943;763,78299;se fosse o negócio ia longe mas NÓS recebemos integral;se fosse o negócio ia longe mas nós recebemos integral;2,413560000000075;se fosse um negócio ia longe mas não recebemos integrar;;[{'text': 'se', 'timestamp': (0.04, 0.1)}, {'text': 'fosse', 'timestamp': (0.18, 0.4)}, {'text': 'um', 'timestamp': (0.44, 0.48)}, {'text': 'negócio', 'timestamp': (0.52, 0.82)}, {'text': 'ia', 'timestamp': (0.9, 0.96)}, {'text': 'longe', 'timestamp': (1.02, 1.2)}, {'text': 'mas', 'timestamp': (1.26, 1.32)}, {'text': 'não', 'timestamp': (1.36, 1.48)}, {'text': 'recebemos', 'timestamp': (1.6, 1.98)}, {'text': 'integrar', 'timestamp': (2.06, 2.36)}];0,3;0,3;0,51;0,09259259259259259
./audios/SP_DID_250_764.86624_766.24044.wav;764,86624;766,24044;era assim que se processava;era assim que se processava;1,3742000000000871;era assim que se processar;;[{'text': 'era', 'timestamp': (0.2, 0.3)}, {'text': 'assim', 'timestamp': (0.34, 0.52)}, {'text': 'que', 'timestamp': (0.58, 0.64)}, {'text': 'se', 'timestamp': (0.68, 0.78)}, {'text': 'processar', 'timestamp': (0.84, 1.3)}];0,2;0,2;0,3599999999999999;0,07407407407407407
./audios/SP_DID_250_767.07351_768.37583.wav;767,07351;768,37583; não havia Fundo de Garantia;não havia fundo de garantia;1,3023199999998951;não havia fundo de garantia;;[{'text': 'não', 'timestamp': (0.02, 0.1)}, {'text': 'havia', 'timestamp': (0.14, 0.4)}, {'text': 'fundo', 'timestamp': (0.5, 0.66)}, {'text': 'de', 'timestamp': (0.74, 0.78)}, {'text': 'garantia', 'timestamp': (0.84, 1.26)}];0,0;0,0;0,0;0,0
./audios/SP_DID_250_770.11788_770.49843.wav;770,11788;770,49843;se houvesse;se houvesse;0,3805499999999711;se houvesse;;[{'text': 'se', 'timestamp': (0.96, 1.02)}, {'text': 'houvesse', 'timestamp': (1.06, 1.46)}];0,0;0,0;0,0;0,0
./audios/SP_DID_250_771.29497_772.80025.wav;771,29497;772,80025;nós que trabalhávamos em;nós que trabalhávamos em;1,5052799999999706;nós que trabalhávamos;;[{'text': 'nós', 'timestamp': (0.1, 0.28)}, {'text': 'que', 'timestamp': (0.36, 0.44)}, {'text': 'trabalhávamos', 'timestamp': (0.54, 1.28)}];0,25;0,25;0,25;0,125
./audios/SP_DID_250_773.19771_774.82137.wav;773,19771;774,82137;com estabelecimentos particulares;com estabelecimentos particulares;1,6236599999999726;com o estabecimento particular;;[{'text': 'com', 'timestamp': (0.42, 0.48)}, {'text': 'o', 'timestamp': (0.54, 0.56)}, {'text': 'estabecimento', 'timestamp': (0.58, 0.98)}, {'text': 'particular', 'timestamp': (1.06, 1.52)}];1,0;0,75;0,9166666666666666;0,21212121212121213
./audios/SP_DID_250_775.01587_775.95455.wav;775,01587;775,95455;em regime;em regime;0,9386800000000903;emregime;;[{'text': 'emregime', 'timestamp': (1.04, 1.82)}];1,0;1,0;1,0;0,1111111111111111
./audios/SP_DID_250_776.5888_776.95243.wav;776,5888;776,95243;DE;de;0,3636300000000574;de;;[{'text': 'de', 'timestamp': (1.08, 1.14)}];0,0;0,0;0,0;0,0
./audios/SP_DID_250_777.62896_778.85094.wav;777,62896;778,85094;éh::;eh;1,2219800000000305;eh;;[{'text': 'eh', 'timestamp': (0.06, 0.1)}];0,0;0,0;0,0;0,0
./audios/SP_DID_250_779.8319_781.33895.wav;779,8319;781,33895;de:: da da cê ele tê;de da da cê ele tê;1,5070499999999356;de da da selt;;[{'text': 'de', 'timestamp': (0.14, 0.2)}, {'text': 'da', 'timestamp': (0.68, 0.72)}, {'text': 'da', 'timestamp': (0.84, 0.9)}, {'text': 'selt', 'timestamp': (0.96, 1.38)}];0,5;0,5;0,625;0,3333333333333333
./audios/SP_DID_250_781.51618_782.46765.wav;781,51618;782,46765;Consolidação do Trabalho;consolidação do trabalho;0,9514700000000857;consolidação do trabalho;;[{'text': 'consolidação', 'timestamp': (1.0, 1.5)}, {'text': 'do', 'timestamp': (1.56, 1.6)}, {'text': 'trabalho', 'timestamp': (1.66, 1.94)}];0,0;0,0;0,0;0,0
./audios/SP_DID_250_782.87808_783.60101.wav;782,87808;783,60101;das Leis do Trabalho;das leis do trabalho;0,7229300000000194;de ver o trabalho;;[{'text': 'de', 'timestamp': (1.02, 1.08)}, {'text': 'ver', 'timestamp': (1.14, 1.22)}, {'text': 'o', 'timestamp': (1.3, 1.32)}, {'text': 'trabalho', 'timestamp': (1.36, 1.64)}];0,75;0,75;0,9375;0,3
./audios/SP_DID_250_786.94137_787.25852.wav;786,94137;787,25852;éh;eh;0,3171499999999696;é;;[{'text': 'é', 'timestamp': (1.06, 1.08)}];1,0;1,0;1,0;1,0
./audios/SP_DID_250_787.40311_787.83687.wav;787,40311;787,83687;se houvesse;se houvesse;0,4337600000000066;se houvesse;;[{'text': 'se', 'timestamp': (0.98, 1.04)}, {'text': 'houvesse', 'timestamp': (1.06, 1.44)}];0,0;0,0;0,0;0,0
./audios/SP_DID_250_787.9488_790.37501.wav;787,9488;790,37501;Fundo de Garantia como há hoje nós teríamos recebido;fundo de garantia como há hoje nós teríamos recebido;2,426209999999969;fundo de garantia como há hoje nós seríamos recebendo;;[{'text': 'fundo', 'timestamp': (0.02, 0.16)}, {'text': 'de', 'timestamp': (0.22, 0.26)}, {'text': 'garantia', 'timestamp': (0.32, 0.64)}, {'text': 'como', 'timestamp': (0.74, 0.84)}, {'text': 'há', 'timestamp': (0.88, 0.92)}, {'text': 'hoje', 'timestamp': (0.96, 1.12)}, {'text': 'nós', 'timestamp': (1.2, 1.3)}, {'text': 'seríamos', 'timestamp': (1.36, 1.7)}, {'text': 'recebendo', 'timestamp': (1.8, 2.3)}];0,2222222222222222;0,2222222222222222;0,3950617283950617;0,057692307692307696
./audios/SP_DID_250_790.62687_793.35623.wav;790,62687;793,35623;de acordo com os depósitos bancários durante aquele tempo todo;de acordo com os depósitos bancários durante aquele tempo todo;2,7293599999999287;de acordo com os depósitos bancários durante aquele tempo todo;;[{'text': 'de', 'timestamp': (0.06, 0.1)}, {'text': 'acordo', 'timestamp': (0.14, 0.44)}, {'text': 'com', 'timestamp': (0.52, 0.6)}, {'text': 'os', 'timestamp': (0.66, 0.72)}, {'text': 'depósitos', 'timestamp': (0.76, 1.32)}, {'text': 'bancários', 'timestamp': (1.42, 1.76)}, {'text': 'durante', 'timestamp': (1.82, 2.0)}, {'text': 'aquele', 'timestamp': (2.02, 2.22)}, {'text': 'tempo', 'timestamp': (2.32, 2.46)}, {'text': 'todo', 'timestamp': (2.56, 2.66)}];0,0;0,0;0,0;0,0
./audios/SP_DID_250_804.90812_805.27386.wav;804,90812;805,27386;bem;bem;0,36573999999995976;bem;;[{'text': 'bem', 'timestamp': (1.04, 1.22)}];0,0;0,0;0,0;0,0
./audios/SP_DID_250_805.5664_807.74386.wav;805,5664;807,74386;aí quando se empresta de alguém;aí quando se empresta de alguém;2,1774599999999964;aí quando se impressa de alguém;;[{'text': 'aí', 'timestamp': (0.08, 0.18)}, {'text': 'quando', 'timestamp': (0.52, 0.7)}, {'text': 'se', 'timestamp': (0.78, 0.82)}, {'text': 'impressa', 'timestamp': (0.88, 1.28)}, {'text': 'de', 'timestamp': (1.4, 1.44)}, {'text': 'alguém', 'timestamp': (1.54, 1.9)}];0,16666666666666666;0,16666666666666666;0,30555555555555547;0,06451612903225806
./audios/SP_DID_250_808.89898_809.34676.wav;808,89898;809,34676;ahn::;ah;0,4477799999999661;ah;;[{'text': 'ah', 'timestamp': (1.06, 1.2)}];0,0;0,0;0,0;0,0
./audios/SP_DID_250_810.88113_811.50801.wav;810,88113;811,50801;se for;se for;0,6268800000000283;fico;;[{'text': 'fico', 'timestamp': (1.0, 1.26)}];1,0;1,0;1,0;0,8333333333333334
./audios/SP_DID_250_812.79163_814.23759.wav;812,79163;814,23759;uma dívida particular;uma dívida particular;1,4459599999999;uma dívida particular;;[{'text': 'uma', 'timestamp': (0.08, 0.18)}, {'text': 'dívida', 'timestamp': (0.32, 0.62)}, {'text': 'particular', 'timestamp': (0.76, 1.34)}];0,0;0,0;0,0;0,0
./audios/SP_DID_250_815.95704_818.53622.wav;815,95704;818,53622;depende das condições que as duas partes acertarem;depende das condições que as duas partes acertarem;2,579179999999951;depende das condições que as duas partes acertarem;;[{'text': 'depende', 'timestamp': (0.1, 0.4)}, {'text': 'das', 'timestamp': (0.48, 0.6)}, {'text': 'condições', 'timestamp': (0.68, 1.08)}, {'text': 'que', 'timestamp': (1.18, 1.24)}, {'text': 'as', 'timestamp': (1.3, 1.36)}, {'text': 'duas', 'timestamp': (1.42, 1.58)}, {'text': 'partes', 'timestamp': (1.7, 1.98)}, {'text': 'acertarem', 'timestamp': (2.06, 2.54)}];0,0;0,0;0,0;0,0
./audios/SP_DID_250_820.29291_822.52581.wav;820,29291;822,52581;eu posso pedir dinheiro emprestado a uma pessoa;eu posso pedir dinheiro emprestado a uma pessoa;2,2328999999999724;eu posso pedir dinheiro emprestado a uma pessoa;;[{'text': 'eu', 'timestamp': (0.08, 0.12)}, {'text': 'posso', 'timestamp': (0.18, 0.34)}, {'text': 'pedir', 'timestamp': (0.46, 0.66)}, {'text': 'dinheiro', 'timestamp': (0.74, 0.96)}, {'text': 'emprestado', 'timestamp': (1.0, 1.5)}, {'text': 'a', 'timestamp': (1.56, 1.58)}, {'text': 'uma', 'timestamp': (1.64, 1.72)}, {'text': 'pessoa', 'timestamp': (1.8, 2.16)}];0,0;0,0;0,0;0,0
./audios/SP_DID_250_822.85417_823.5527.wav;822,85417;823,5527;particularmente;particularmente;0,6985300000000052;particularmente;;[{'text': 'particularmente', 'timestamp': (1.0, 1.66)}];0,0;0,0;0,0;0,0
./audios/SP_DID_250_824.46019_825.08707.wav;824,46019;825,08707;e entre;e entre;0,6268800000000283;dentre;;[{'text': 'dentre', 'timestamp': (1.08, 1.44)}];1,0;1,0;1,0;0,2857142857142857
./audios/SP_DID_250_825.66619_827.01663.wav;825,66619;827,01663;o meu prestamista e eu;o meu prestamista e eu;1,350439999999935;o meu prestamista e eu;;[{'text': 'o', 'timestamp': (0.06, 0.08)}, {'text': 'meu', 'timestamp': (0.16, 0.26)}, {'text': 'prestamista', 'timestamp': (0.32, 0.92)}, {'text': 'e', 'timestamp': (1.0, 1.02)}, {'text': 'eu', 'timestamp': (1.12, 1.2)}];0,0;0,0;0,0;0,0
./audios/SP_DID_250_827.68531_828.67638.wav;827,68531;828,67638;nós estabelecemos;nós estabelecemos;0,9910700000000361;nós estabelecemos;;[{'text': 'nós', 'timestamp': (1.02, 1.12)}, {'text': 'estabelecemos', 'timestamp': (1.2, 1.9)}];0,0;0,0;0,0;0,0
./audios/SP_DID_250_829.42267_833.42989.wav;829,42267;833,42989;(e::) podemos até:: fazer uma simples declaração de dívida dizendo que::;e podemos até fazer uma simples declaração de dívida dizendo que;4,007219999999961;podemos até fazer uma simples declaração de liga dizendo que;;[{'text': 'podemos', 'timestamp': (0.44, 0.78)}, {'text': 'até', 'timestamp': (0.86, 1.02)}, {'text': 'fazer', 'timestamp': (1.42, 1.64)}, {'text': 'uma', 'timestamp': (1.72, 1.8)}, {'text': 'simples', 'timestamp': (1.92, 2.14)}, {'text': 'declaração', 'timestamp': (2.2, 2.68)}, {'text': 'de', 'timestamp': (2.76, 2.8)}, {'text': 'liga', 'timestamp': (2.9, 3.14)}, {'text': 'dizendo', 'timestamp': (3.26, 3.6)}, {'text': 'que', 'timestamp': (3.76, 3.82)}];0,18181818181818182;0,18181818181818182;0,26363636363636356;0,09375
./audios/SP_DID_250_834.50455_839.53867.wav;834,50455;839,53867;eu fulano de tal declaro ter recebido do senhor fulano de tal a título de empréstimo a importância de tanto;eu fulano de tal declaro ter recebido do senhor fulano de tal a título de empréstimo a importância de tanto;5,03412000000003;e falando de tal declara ter recebido o seu plano de tal tipo de empréstimo a importância de tanto;;[{'text': 'e', 'timestamp': (0.36, 0.38)}, {'text': 'falando', 'timestamp': (0.42, 0.62)}, {'text': 'de', 'timestamp': (0.66, 0.76)}, {'text': 'tal', 'timestamp': (0.82, 1.02)}, {'text': 'declara', 'timestamp': (1.18, 1.48)}, {'text': 'ter', 'timestamp': (1.58, 1.66)}, {'text': 'recebido', 'timestamp': (1.76, 2.16)}, {'text': 'o', 'timestamp': (2.24, 2.26)}, {'text': 'seu', 'timestamp': (2.32, 2.42)}, {'text': 'plano', 'timestamp': (2.5, 2.7)}, {'text': 'de', 'timestamp': (2.72, 2.78)}, {'text': 'tal', 'timestamp': (2.88, 3.04)}, {'text': 'tipo', 'timestamp': (3.22, 3.36)}, {'text': 'de', 'timestamp': (3.4, 3.46)}, {'text': 'empréstimo', 'timestamp': (3.5, 3.9)}, {'text': 'a', 'timestamp': (3.94, 3.96)}, {'text': 'importância', 'timestamp': (4.0, 4.44)}, {'text': 'de', 'timestamp': (4.5, 4.56)}, {'text': 'tanto', 'timestamp': (4.64, 4.84)}];0,4;0,4;0,6210526315789474;0,1588785046728972
./audios/SP_DID_250_841.44917_843.95188.wav;841,44917;843,95188;cujo pagamento obedecerá às seguintes condições;cujo pagamento obedecerá às seguintes condições;2,502709999999979;cujo pagamento obedecerá as seguintes condições;;[{'text': 'cujo', 'timestamp': (0.06, 0.2)}, {'text': 'pagamento', 'timestamp': (0.3, 0.8)}, {'text': 'obedecerá', 'timestamp': (1.0, 1.48)}, {'text': 'as', 'timestamp': (1.58, 1.62)}, {'text': 'seguintes', 'timestamp': (1.68, 1.98)}, {'text': 'condições', 'timestamp': (2.06, 2.44)}];0,16666666666666666;0,16666666666666666;0,30555555555555547;0,02127659574468085
./audios/SP_DID_250_844.29219_844.73399.wav;844,29219;844,73399;dois pontos;dois pontos;0,4417999999999438;dai ponte;;[{'text': 'dai', 'timestamp': (1.04, 1.16)}, {'text': 'ponte', 'timestamp': (1.24, 1.46)}];1,0;1,0;1,0;0,36363636363636365
./audios/SP_DID_250_845.86238_846.52509.wav;845,86238;846,52509;e aí;e aí;0,6627099999999473;iaí;;[{'text': 'iaí', 'timestamp': (1.22, 1.46)}];1,0;1,0;1,0;0,5
./audios/SP_DID_250_847.18182_848.55017.wav;847,18182;848,55017;são especificadas as condições;são especificadas as condições;1,368349999999964;são especificadas as condições;;[{'text': 'são', 'timestamp': (0.02, 0.1)}, {'text': 'especificadas', 'timestamp': (0.14, 0.78)}, {'text': 'as', 'timestamp': (0.86, 0.9)}, {'text': 'condições', 'timestamp': (0.98, 1.32)}];0,0;0,0;0,0;0,0
./audios/SP_DID_250_849.87842_852.32625.wav;849,87842;852,32625;o prazo para o pagamento é de tanto tempo;o prazo para o pagamento é de tanto tempo;2,4478299999999535;o prazo para o pagamento é de tanto tempo;;[{'text': 'o', 'timestamp': (0.06, 0.08)}, {'text': 'prazo', 'timestamp': (0.18, 0.56)}, {'text': 'para', 'timestamp': (0.66, 0.78)}, {'text': 'o', 'timestamp': (0.8, 0.82)}, {'text': 'pagamento', 'timestamp': (0.88, 1.44)}, {'text': 'é', 'timestamp': (1.54, 1.56)}, {'text': 'de', 'timestamp': (1.68, 1.72)}, {'text': 'tanto', 'timestamp': (1.86, 2.04)}, {'text': 'tempo', 'timestamp': (2.16, 2.36)}];0,0;0,0;0,0;0,0
./audios/SP_DID_250_853.31732_854.85881.wav;853,31732;854,85881;o juro será tal;o juro será tal;1,5414899999999534;o juro será tal;;[{'text': 'o', 'timestamp': (0.08, 0.1)}, {'text': 'juro', 'timestamp': (0.3, 0.62)}, {'text': 'será', 'timestamp': (0.74, 0.92)}, {'text': 'tal', 'timestamp': (1.12, 1.36)}];0,0;0,0;0,0;0,0
./audios/SP_DID_250_855.57525_856.85886.wav;855,57525;856,85886;vencido de maneira tal;vencido de maneira tal;1,283610000000067;tinha sido de maneira tal;;[{'text': 'tinha', 'timestamp': (0.04, 0.16)}, {'text': 'sido', 'timestamp': (0.26, 0.42)}, {'text': 'de', 'timestamp': (0.5, 0.54)}, {'text': 'maneira', 'timestamp': (0.6, 0.86)}, {'text': 'tal', 'timestamp': (0.98, 1.16)}];0,5;0,4;0,55;0,2727272727272727
./audios/SP_DID_250_860.281_862.93068.wav;860,281;862,93068;poderá haver --uma terceira condição pode éh é;poderá haver uma terceira condição pode eh é;2,649680000000103;poderá haver uma terceira condição pode;;[{'text': 'poderá', 'timestamp': (0.06, 0.3)}, {'text': 'haver', 'timestamp': (0.44, 0.72)}, {'text': 'uma', 'timestamp': (1.06, 1.16)}, {'text': 'terceira', 'timestamp': (1.24, 1.56)}, {'text': 'condição', 'timestamp': (1.64, 1.96)}, {'text': 'pode', 'timestamp': (2.08, 2.26)}];0,25;0,25;0,25;0,11363636363636363
./audios/SP_DID_250_863.17711_863.8636.wav;863,17711;863,8636;parecer  éh;parecer eh;0,6864900000000489;parecer é;;[{'text': 'parecer', 'timestamp': (1.0, 1.4)}, {'text': 'é', 'timestamp': (1.46, 1.48)}];0,5;0,5;0,75;0,2
./audios/SP_DID_250_864.17604_865.36472.wav;864,17604;865,36472;pode aparecer esta aqui--;pode aparecer esta aqui;1,1886800000000903;pode aparecer esta aqui;;[{'text': 'pode', 'timestamp': (0.04, 0.16)}, {'text': 'aparecer', 'timestamp': (0.18, 0.56)}, {'text': 'esta', 'timestamp': (0.66, 0.82)}, {'text': 'aqui', 'timestamp': (0.9, 1.0)}];0,0;0,0;0,0;0,0
./audios/SP_DID_250_865.96792_868.0802.wav;865,96792;868,0802;poderá haver ah:: como é que se diz;poderá haver ah como é que se diz;2,1122799999999415;poderá ver como é que se diz;;[{'text': 'poderá', 'timestamp': (0.06, 0.28)}, {'text': 'ver', 'timestamp': (0.48, 0.66)}, {'text': 'como', 'timestamp': (1.52, 1.62)}, {'text': 'é', 'timestamp': (1.64, 1.66)}, {'text': 'que', 'timestamp': (1.7, 1.76)}, {'text': 'se', 'timestamp': (1.8, 1.84)}, {'text': 'diz', 'timestamp': (1.9, 2.06)}];0,25;0,25;0,3571428571428572;0,15151515151515152
./audios/SP_DID_250_868.21661_868.8987.wav;868,21661;868,8987;ahn::;ah;0,6820900000000165;e;;[{'text': 'e', 'timestamp': (1.08, 1.1)}];1,0;1,0;1,0;1,0
./audios/SP_DID_250_870.63337_871.79513.wav;870,63337;871,79513;pagamentos parciais;pagamentos parciais;1,1617599999999584;pagamentos parciais;;[{'text': 'pagamentos', 'timestamp': (0.04, 0.52)}, {'text': 'parciais', 'timestamp': (0.62, 1.1)}];0,0;0,0;0,0;0,0
./audios/SP_DID_250_873.96713_875.6314.wav;873,96713;875,6314;da:: do principal;da do principal;1,6642699999999877;da do principal;;[{'text': 'da', 'timestamp': (0.06, 0.12)}, {'text': 'do', 'timestamp': (1.02, 1.06)}, {'text': 'principal', 'timestamp': (1.14, 1.58)}];0,0;0,0;0,0;0,0
./audios/SP_DID_250_875.6314_875.94576.wav;875,6314;875,94576;quer dizer ;quer dizer;0,3143599999999651;pede;;[{'text': 'pede', 'timestamp': (0.96, 1.26)}];1,0;1,0;1,0;0,7
./audios/SP_DID_250_875.94576_877.00878.wav;875,94576;877,00878;da quantia emprestada;da quantia emprestada;1,0630200000000514;da quantia emprestada;;[{'text': 'da', 'timestamp': (0.04, 0.1)}, {'text': 'quantia', 'timestamp': (0.18, 0.46)}, {'text': 'emprestada', 'timestamp': (0.52, 1.0)}];0,0;0,0;0,0;0,0
./audios/SP_DID_250_877.87569_878.55778.wav;877,87569;878,55778;e assim por diante;e assim por diante;0,6820900000000165;e assim por grades;;[{'text': 'e', 'timestamp': (1.02, 1.04)}, {'text': 'assim', 'timestamp': (1.1, 1.28)}, {'text': 'por', 'timestamp': (1.34, 1.44)}, {'text': 'grades', 'timestamp': (1.5, 1.82)}];0,25;0,25;0,4375;0,2777777777777778
./audios/SP_DID_250_878.91067_879.28032.wav;878,91067;879,28032;agora;agora;0,3696499999999787;agora;;[{'text': 'agora', 'timestamp': (1.04, 1.32)}];0,0;0,0;0,0;0,0
./audios/SP_DID_250_880.49928_880.97454.wav;880,49928;880,97454;se for;se for;0,4752600000000484;tipo;;[{'text': 'tipo', 'timestamp': (0.98, 1.24)}];1,0;1,0;1,0;0,8333333333333334
./audios/SP_DID_250_881.77985_882.61155.wav;881,77985;882,61155;um empréstimo;um empréstimo;0,8316999999999553;o empréstimo;;[{'text': 'o', 'timestamp': (1.04, 1.06)}, {'text': 'empréstimo', 'timestamp': (1.14, 1.76)}];0,5;0,5;0,75;0,15384615384615385
./audios/SP_DID_250_883.17546_883.62872.wav;883,17546;883,62872;COm;com;0,4532600000000002;com;;[{'text': 'com', 'timestamp': (1.02, 1.2)}];0,0;0,0;0,0;0,0
./audios/SP_DID_250_883.89715_884.72446.wav;883,89715;884,72446;estabelecimento de crédito;estabelecimento de crédito;0,8273100000000113;estabelecimento e crédito;;[{'text': 'estabelecimento', 'timestamp': (0.96, 1.36)}, {'text': 'e', 'timestamp': (1.42, 1.44)}, {'text': 'crédito', 'timestamp': (1.5, 1.86)}];0,3333333333333333;0,3333333333333333;0,5555555555555556;0,038461538461538464
./audios/SP_DID_250_886.67256_888.36899.wav;886,67256;888,36899;terá de obedecer às condições;terá de obedecer às condições;1,6964300000000776;terá de obedecer as condições;;[{'text': 'terá', 'timestamp': (0.04, 0.16)}, {'text': 'de', 'timestamp': (0.26, 0.32)}, {'text': 'obedecer', 'timestamp': (0.36, 0.84)}, {'text': 'as', 'timestamp': (0.94, 1.0)}, {'text': 'condições', 'timestamp': (1.1, 1.62)}];0,2;0,2;0,3599999999999999;0,034482758620689655
./audios/SP_DID_250_889.29751_889.60995.wav;889,29751;889,60995; que::;que;0,3124400000000378;que;;[{'text': 'que', 'timestamp': (1.0, 1.06)}];0,0;0,0;0,0;0,0
./audios/SP_DID_250_890.86056_892.05751.wav;890,86056;892,05751;a:::;a;1,1969500000000153;ah;;[{'text': 'ah', 'timestamp': (0.06, 0.16)}];1,0;1,0;1,0;1,0
./audios/SP_DID_250_893.01684_894.39155.wav;893,01684;894,39155;esse estabelecimento de crédito;esse estabelecimento de crédito;1,37471000000005;esse cabimento crédito;;[{'text': 'esse', 'timestamp': (0.06, 0.28)}, {'text': 'cabimento', 'timestamp': (0.32, 0.72)}, {'text': 'crédito', 'timestamp': (0.8, 1.16)}];0,5;0,5;0,6666666666666667;0,3225806451612903
./audios/SP_DID_250_895.47556_896.0621.wav;895,47556;896,0621;estabelece;estabelece;0,5865400000000136;estabelece;;[{'text': 'estabelece', 'timestamp': (1.04, 1.56)}];0,0;0,0;0,0;0,0
./audios/SP_DID_250_896.27202_897.45497.wav;896,27202;897,45497;ou melhor dizendo impõe;ou melhor dizendo impõe;1,1829500000000053;ou melhor dizendo impõe;;[{'text': 'ou', 'timestamp': (0.04, 0.08)}, {'text': 'melhor', 'timestamp': (0.14, 0.32)}, {'text': 'dizendo', 'timestamp': (0.38, 0.68)}, {'text': 'impõe', 'timestamp': (0.78, 1.08)}];0,0;0,0;0,0;0,0
./audios/SP_DID_250_898.09671_901.14546.wav;898,09671;901,14546;a Caixa Econômica você vai tomar dinheiro emprestado na Caixa Econômica;a caixa econômica você vai tomar dinheiro emprestado na caixa econômica;3,0487499999999272;a caixa econômica você vai tomar e emprestar na caixa econômica;;[{'text': 'a', 'timestamp': (0.04, 0.06)}, {'text': 'caixa', 'timestamp': (0.1, 0.28)}, {'text': 'econômica', 'timestamp': (0.34, 0.78)}, {'text': 'você', 'timestamp': (0.86, 0.96)}, {'text': 'vai', 'timestamp': (1.02, 1.12)}, {'text': 'tomar', 'timestamp': (1.2, 1.42)}, {'text': 'e', 'timestamp': (1.64, 1.66)}, {'text': 'emprestar', 'timestamp': (1.72, 2.1)}, {'text': 'na', 'timestamp': (2.18, 2.24)}, {'text': 'caixa', 'timestamp': (2.34, 2.52)}, {'text': 'econômica', 'timestamp': (2.58, 2.92)}];0,18181818181818182;0,18181818181818182;0,3305785123966941;0,1267605633802817
./audios/SP_DID_250_902.45656_903.89416.wav;902,45656;903,89416;normalmente eles exigem;normalmente eles exigem;1,4376000000000886;normalmente eles exigem;;[{'text': 'normalmente', 'timestamp': (0.06, 0.54)}, {'text': 'eles', 'timestamp': (0.62, 0.78)}, {'text': 'exigem', 'timestamp': (0.88, 1.28)}];0,0;0,0;0,0;0,0
./audios/SP_DID_250_904.31377_905.4778.wav;904,31377;905,4778;uma garantia hipotecária;uma garantia hipotecária;1,1640300000000252;uma garantia hipotecária;;[{'text': 'uma', 'timestamp': (0.02, 0.1)}, {'text': 'garantia', 'timestamp': (0.16, 0.46)}, {'text': 'hipotecária', 'timestamp': (0.52, 1.1)}];0,0;0,0;0,0;0,0
./audios/SP_DID_250_905.4778_905.74602.wav;905,4778;905,74602;quer dizer;quer dizer;0,2682200000000421;quer dizer;;[{'text': 'quer', 'timestamp': (1.04, 1.12)}, {'text': 'dizer', 'timestamp': (1.16, 1.3)}];0,0;0,0;0,0;0,0
./audios/SP_DID_250_905.74602_906.96.wav;905,74602;906,96;um imóvel em garantia;um imóvel em garantia;1,2139799999999923;é um imóvel em garantia;;[{'text': 'é', 'timestamp': (0.02, 0.04)}, {'text': 'um', 'timestamp': (0.1, 0.14)}, {'text': 'imóvel', 'timestamp': (0.22, 0.6)}, {'text': 'em', 'timestamp': (0.62, 0.68)}, {'text': 'garantia', 'timestamp': (0.7, 1.14)}];0,25;0,2;0,19999999999999996;0,09523809523809523
./audios/SP_DID_250_907.30103_907.76377.wav;907,30103;907,76377;então;então;0,46274000000005344;então;;[{'text': 'então', 'timestamp': (1.04, 1.28)}];0,0;0,0;0,0;0,0
./audios/SP_DID_250_908.52729_910.93502.wav;908,52729;910,93502;quem pede emprestado à Caixa tem que se sujeitar;quem pede emprestado à caixa tem que se sujeitar;2,407730000000015;quem pedi emprestada a caixa tem que se sujeitar;;[{'text': 'quem', 'timestamp': (0.0, 0.12)}, {'text': 'pedi', 'timestamp': (0.2, 0.4)}, {'text': 'emprestada', 'timestamp': (0.44, 0.86)}, {'text': 'a', 'timestamp': (0.94, 0.96)}, {'text': 'caixa', 'timestamp': (1.04, 1.28)}, {'text': 'tem', 'timestamp': (1.44, 1.52)}, {'text': 'que', 'timestamp': (1.58, 1.66)}, {'text': 'se', 'timestamp': (1.7, 1.76)}, {'text': 'sujeitar', 'timestamp': (1.86, 2.32)}];0,3333333333333333;0,3333333333333333;0,5555555555555556;0,0625
./audios/SP_DID_250_911.42861_913.68833.wav;911,42861;913,68833;a todas as exigências e garantias;a todas as exigências e garantias;2,259719999999902;a todas as exigências e garantias;;[{'text': 'a', 'timestamp': (0.04, 0.06)}, {'text': 'todas', 'timestamp': (0.2, 0.46)}, {'text': 'as', 'timestamp': (0.64, 0.72)}, {'text': 'exigências', 'timestamp': (0.8, 1.4)}, {'text': 'e', 'timestamp': (1.58, 1.6)}, {'text': 'garantias', 'timestamp': (1.7, 2.22)}];0,0;0,0;0,0;0,0
./audios/SP_DID_250_914.25133_915.00714.wav;914,25133;915,00714;dessa instituição;dessa instituição;0,7558099999999968;dessa instituição;;[{'text': 'dessa', 'timestamp': (1.02, 1.26)}, {'text': 'instituição', 'timestamp': (1.28, 1.68)}];0,0;0,0;0,0;0,0
./audios/SP_DID_250_915.12283_916.01746.wav;915,12283;916,01746;a começar por esta;a começar por esta;0,8946300000000065;a começar por esta;;[{'text': 'a', 'timestamp': (1.02, 1.04)}, {'text': 'começar', 'timestamp': (1.12, 1.44)}, {'text': 'por', 'timestamp': (1.54, 1.62)}, {'text': 'esta', 'timestamp': (1.68, 1.9)}];0,0;0,0;0,0;0,0
./audios/SP_DID_250_917.01662_917.24762.wav;917,01662;917,24762;bom;bom;0,23099999999999454;bom;;[{'text': 'bom', 'timestamp': (1.1, 1.2)}];0,0;0,0;0,0;0,0
./audios/SP_DID_250_917.34567_919.48799.wav;917,34567;919,48799;eu estou dizendo o empréstimo hipotecário;eu estou dizendo o empréstimo hipotecário;2,142319999999927;eu estou dizendo empréstimo hipotecario;;[{'text': 'eu', 'timestamp': (0.02, 0.08)}, {'text': 'estou', 'timestamp': (0.12, 0.3)}, {'text': 'dizendo', 'timestamp': (0.36, 0.68)}, {'text': 'empréstimo', 'timestamp': (0.98, 1.34)}, {'text': 'hipotecario', 'timestamp': (1.36, 1.94)}];0,3333333333333333;0,3333333333333333;0,4666666666666667;0,07317073170731707
./audios/SP_DID_250_919.69879_921.19843.wav;919,69879;921,19843;que em geral é a garantia mais;que em geral é a garantia mais;1,4996399999999994;em geral é a garantia mais;;[{'text': 'em', 'timestamp': (0.04, 0.1)}, {'text': 'geral', 'timestamp': (0.16, 0.4)}, {'text': 'é', 'timestamp': (0.52, 0.54)}, {'text': 'a', 'timestamp': (0.6, 0.64)}, {'text': 'garantia', 'timestamp': (0.68, 1.12)}, {'text': 'mais', 'timestamp': (1.22, 1.42)}];0,14285714285714285;0,14285714285714285;0,1428571428571429;0,13333333333333333
./audios/SP_DID_250_921.31713_922.90777.wav;921,31713;922,90777;sólida que a Caixa costuma exigir;sólida que a caixa costuma exigir;1,5906400000000076;história que a caixa costuma exigir;;[{'text': 'história', 'timestamp': (0.0, 0.3)}, {'text': 'que', 'timestamp': (0.4, 0.48)}, {'text': 'a', 'timestamp': (0.5, 0.52)}, {'text': 'caixa', 'timestamp': (0.6, 0.82)}, {'text': 'costuma', 'timestamp': (0.94, 1.16)}, {'text': 'exigir', 'timestamp': (1.22, 1.54)}];0,16666666666666666;0,16666666666666666;0,30555555555555547;0,15151515151515152
./audios/SP_DID_250_923.33307_925.43394.wav;923,33307;925,43394;é possível que ela empreste em outras condições;é possível que ela empreste em outras condições;2,1008699999999862;é possível que ela empresta em outras condições;;[{'text': 'é', 'timestamp': (0.04, 0.06)}, {'text': 'possível', 'timestamp': (0.14, 0.46)}, {'text': 'que', 'timestamp': (0.52, 0.58)}, {'text': 'ela', 'timestamp': (0.6, 0.68)}, {'text': 'empresta', 'timestamp': (0.74, 1.12)}, {'text': 'em', 'timestamp': (1.2, 1.24)}, {'text': 'outras', 'timestamp': (1.3, 1.54)}, {'text': 'condições', 'timestamp': (1.62, 2.04)}];0,125;0,125;0,234375;0,02127659574468085
./audios/SP_DID_250_926.28498_926.68133.wav;926,28498;926,68133;quer dizer;quer dizer;0,396349999999984;quer dizer;;[{'text': 'quer', 'timestamp': (0.98, 1.08)}, {'text': 'dizer', 'timestamp': (1.14, 1.32)}];0,0;0,0;0,0;0,0
./audios/SP_DID_250_927.26014_927.63611.wav;927,26014;927,63611;sem;sem;0,3759700000000521;tem;;[{'text': 'tem', 'timestamp': (1.0, 1.18)}];1,0;1,0;1,0;0,3333333333333333
./audios/SP_DID_250_928.1605_930.46582.wav;928,1605;930,46582;se chegar a uma garantia:::;se chegar a uma garantia;2,3053200000000516;se chegaram a uma garantia;;[{'text': 'se', 'timestamp': (0.1, 0.16)}, {'text': 'chegaram', 'timestamp': (0.26, 0.62)}, {'text': 'a', 'timestamp': (0.64, 0.66)}, {'text': 'uma', 'timestamp': (0.72, 0.8)}, {'text': 'garantia', 'timestamp': (0.9, 1.4)}];0,2;0,2;0,3599999999999999;0,08333333333333333
./audios/SP_DID_250_931.41566_931.90141.wav;931,41566;931,90141;real;real;0,48575000000005275;real;;[{'text': 'real', 'timestamp': (1.08, 1.34)}];0,0;0,0;0,0;0,0
./audios/SP_DID_250_932.0_932.62687.wav;932,0;932,62687;hipotecária;hipotecária;0,6268700000000536;hipotecário;;[{'text': 'hipotecário', 'timestamp': (1.02, 1.68)}];1,0;1,0;1,0;0,09090909090909091
./audios/SP_DID_250_932.62687_933.33111.wav;932,62687;933,33111;isso eu não sei;isso eu não sei;0,7042399999999134;por isso eu não sei;;[{'text': 'por', 'timestamp': (0.9, 1.02)}, {'text': 'isso', 'timestamp': (1.1, 1.24)}, {'text': 'eu', 'timestamp': (1.28, 1.34)}, {'text': 'não', 'timestamp': (1.38, 1.46)}, {'text': 'sei', 'timestamp': (1.54, 1.68)}];0,25;0,2;0,19999999999999996;0,26666666666666666
./audios/SP_DID_250_934.13198_934.99097.wav;934,13198;934,99097;mas de qualquer maneira;mas de qualquer maneira;0,8589899999999489;mas de qualquer maneira;;[{'text': 'mas', 'timestamp': (1.0, 1.08)}, {'text': 'de', 'timestamp': (1.1, 1.14)}, {'text': 'qualquer', 'timestamp': (1.16, 1.4)}, {'text': 'maneira', 'timestamp': (1.46, 1.76)}];0,0;0,0;0,0;0,0
./audios/SP_DID_250_935.10228_935.50296.wav;935,10228;935,50296;aí;aí;0,4006800000000794;aí;;[{'text': 'aí', 'timestamp': (1.04, 1.2)}];0,0;0,0;0,0;0,0
./audios/SP_DID_250_935.74783_937.80594.wav;935,74783;937,80594;a instituição é quem impõe as condições;a instituição é quem impõe as condições;2,0581099999999424;a instituição é que impõe as condições;;[{'text': 'a', 'timestamp': (0.04, 0.06)}, {'text': 'instituição', 'timestamp': (0.1, 0.54)}, {'text': 'é', 'timestamp': (0.66, 0.68)}, {'text': 'que', 'timestamp': (0.8, 0.88)}, {'text': 'impõe', 'timestamp': (1.0, 1.34)}, {'text': 'as', 'timestamp': (1.44, 1.5)}, {'text': 'condições', 'timestamp': (1.58, 1.98)}];0,14285714285714285;0,14285714285714285;0,26530612244897966;0,02564102564102564
./audios/SP_DID_250_938.99846_939.97792.wav;938,99846;939,97792;e o:: a pessoa;e o a pessoa;0,9794600000000173;e a pessoa que;;[{'text': 'e', 'timestamp': (1.06, 1.08)}, {'text': 'a', 'timestamp': (1.54, 1.56)}, {'text': 'pessoa', 'timestamp': (1.64, 1.94)}, {'text': 'que', 'timestamp': (1.96, 2.02)}];0,5;0,4;0,4375;0,5
./audios/SP_DID_250_940.07968_940.95265.wav;940,07968;940,95265;que pede emprestado;que pede emprestado;0,8729699999998957;pega emprestado;;[{'text': 'pega', 'timestamp': (0.98, 1.14)}, {'text': 'emprestado', 'timestamp': (1.18, 1.6)}];0,6666666666666666;0,6666666666666666;0,8333333333333334;0,3157894736842105
./audios/SP_DID_250_941.09134_942.45167.wav;941,09134;942,45167;em bancos é a mesma coisa;em bancos é a mesma coisa;1,36033000000009;e bancos a mesma coisa;;[{'text': 'e', 'timestamp': (0.06, 0.08)}, {'text': 'bancos', 'timestamp': (0.2, 0.46)}, {'text': 'a', 'timestamp': (0.54, 0.56)}, {'text': 'mesma', 'timestamp': (0.6, 0.76)}, {'text': 'coisa', 'timestamp': (0.88, 1.18)}];0,3333333333333333;0,3333333333333333;0,4666666666666667;0,12
./audios/SP_DID_250_944.26288_946.45322.wav;944,26288;946,45322;o banco não opera:::;o banco não opera;2,190339999999992;o banco não opera;;[{'text': 'o', 'timestamp': (0.12, 0.14)}, {'text': 'banco', 'timestamp': (0.2, 0.4)}, {'text': 'não', 'timestamp': (0.52, 0.6)}, {'text': 'opera', 'timestamp': (0.7, 1.06)}];0,0;0,0;0,0;0,0
./audios/SP_DID_250_946.45322_948.26016.wav;946,45322;948,26016;quase que com:::;quase que com;1,8069400000000542;quase que com;;[{'text': 'quase', 'timestamp': (0.24, 0.5)}, {'text': 'que', 'timestamp': (0.6, 0.66)}, {'text': 'com', 'timestamp': (0.78, 0.92)}];0,0;0,0;0,0;0,0
./audios/SP_DID_250_948.82999_950.67622.wav;948,82999;950,67622; com garantia hipotecária que eu saiba;com garantia hipotecária que eu saiba;1,8462299999999914;com garantia hipotecária que eu saiba;;[{'text': 'com', 'timestamp': (0.02, 0.1)}, {'text': 'garantia', 'timestamp': (0.18, 0.46)}, {'text': 'hipotecária', 'timestamp': (0.5, 1.08)}, {'text': 'que', 'timestamp': (1.18, 1.24)}, {'text': 'eu', 'timestamp': (1.26, 1.32)}, {'text': 'saiba', 'timestamp': (1.4, 1.68)}];0,0;0,0;0,0;0,0
./audios/SP_DID_250_951.7171_953.01775.wav;951,7171;953,01775;mas aí exige;mas aí exige;1,3006500000000187;mas aí a virgem;;[{'text': 'mas', 'timestamp': (0.02, 0.16)}, {'text': 'aí', 'timestamp': (0.24, 0.32)}, {'text': 'a', 'timestamp': (0.66, 0.68)}, {'text': 'virgem', 'timestamp': (0.82, 1.16)}];0,6666666666666666;0,5;0,6666666666666667;0,4166666666666667
./audios/SP_DID_250_953.39764_954.7956.wav;953,39764;954,7956;um avalista de confiança;um avalista de confiança;1,3979600000000119;uma avalista de confiança;;[{'text': 'uma', 'timestamp': (0.06, 0.16)}, {'text': 'avalista', 'timestamp': (0.22, 0.68)}, {'text': 'de', 'timestamp': (0.76, 0.8)}, {'text': 'confiança', 'timestamp': (0.88, 1.32)}];0,25;0,25;0,4375;0,041666666666666664
./audios/SP_DID_250_956.1024_958.32092.wav;956,1024;958,32092;e principalmente o que o banco quer;e principalmente o que o banco quer;2,2185200000000123;e principalmente o que o banco quer;;[{'text': 'e', 'timestamp': (0.08, 0.1)}, {'text': 'principalmente', 'timestamp': (0.26, 1.0)}, {'text': 'o', 'timestamp': (1.26, 1.28)}, {'text': 'que', 'timestamp': (1.34, 1.42)}, {'text': 'o', 'timestamp': (1.48, 1.5)}, {'text': 'banco', 'timestamp': (1.56, 1.78)}, {'text': 'quer', 'timestamp': (1.94, 2.12)}];0,0;0,0;0,0;0,0
./audios/SP_DID_250_958.98951_960.5029.wav;958,98951;960,5029;é que quem pede emprestado;é que quem pede emprestado;1,5133899999999585;é que quem pede emprestado;;[{'text': 'é', 'timestamp': (0.08, 0.1)}, {'text': 'que', 'timestamp': (0.22, 0.28)}, {'text': 'quem', 'timestamp': (0.4, 0.52)}, {'text': 'pede', 'timestamp': (0.64, 0.8)}, {'text': 'emprestado', 'timestamp': (0.88, 1.4)}];0,0;0,0;0,0;0,0
./audios/SP_DID_250_961.17909_963.61794.wav;961,17909;963,61794;tenha um::: certo::;tenha um certo;2,438850000000002;tenha um certo;;[{'text': 'tenha', 'timestamp': (0.02, 0.32)}, {'text': 'um', 'timestamp': (0.78, 0.9)}, {'text': 'certo', 'timestamp': (1.84, 2.26)}];0,0;0,0;0,0;0,0
./audios/SP_DID_250_963.78509_966.62047.wav;963,78509;966,62047;saldo médio de:: depósitos;saldo médio de depósitos;2,8353799999999865;saldo médio de depósito;;[{'text': 'saldo', 'timestamp': (0.06, 0.4)}, {'text': 'médio', 'timestamp': (0.56, 1.06)}, {'text': 'de', 'timestamp': (1.3, 1.36)}, {'text': 'depósito', 'timestamp': (1.96, 2.56)}];0,25;0,25;0,4375;0,041666666666666664
./audios/SP_DID_250_967.45621_969.15049.wav;967,45621;969,15049;o banco não empresta a qualquer pessoa;o banco não empresta a qualquer pessoa;1,6942799999999352;o banco não empresta a qualquer pessoa;;[{'text': 'o', 'timestamp': (0.06, 0.1)}, {'text': 'banco', 'timestamp': (0.14, 0.32)}, {'text': 'não', 'timestamp': (0.38, 0.44)}, {'text': 'empresta', 'timestamp': (0.5, 0.88)}, {'text': 'a', 'timestamp': (0.96, 0.98)}, {'text': 'qualquer', 'timestamp': (1.0, 1.24)}, {'text': 'pessoa', 'timestamp': (1.32, 1.64)}];0,0;0,0;0,0;0,0
./audios/SP_DID_250_970.22051_971.74551.wav;970,22051;971,74551;ele empresta a depositantes seus;ele empresta a depositantes seus;1,5249999999999773;ele impressa depositante seu;;[{'text': 'ele', 'timestamp': (0.02, 0.14)}, {'text': 'impressa', 'timestamp': (0.16, 0.48)}, {'text': 'depositante', 'timestamp': (0.58, 1.18)}, {'text': 'seu', 'timestamp': (1.32, 1.44)}];0,8;0,8;0,95;0,1875
./audios/SP_DID_250_972.30191_974.09692.wav;972,30191;974,09692;aí a garantia é uma letra promissória;aí a garantia é uma letra promissória;1,7950099999999338;aí a garantia é uma letra promissora;;[{'text': 'aí', 'timestamp': (0.02, 0.08)}, {'text': 'a', 'timestamp': (0.2, 0.22)}, {'text': 'garantia', 'timestamp': (0.28, 0.58)}, {'text': 'é', 'timestamp': (0.62, 0.64)}, {'text': 'uma', 'timestamp': (0.7, 0.78)}, {'text': 'letra', 'timestamp': (0.82, 1.06)}, {'text': 'promissora', 'timestamp': (1.12, 1.7)}];0,14285714285714285;0,14285714285714285;0,26530612244897966;0,05405405405405406
./audios/SP_DID_250_974.75493_976.56054.wav;974,75493;976,56054;o vencimento pelo prazo de vencimento é muito curto;o vencimento pelo prazo de vencimento é muito curto;1,8056100000000015;o vencimento o prazo vencimento é muito curto;;[{'text': 'o', 'timestamp': (0.04, 0.06)}, {'text': 'vencimento', 'timestamp': (0.1, 0.56)}, {'text': 'o', 'timestamp': (0.62, 0.64)}, {'text': 'prazo', 'timestamp': (0.78, 0.98)}, {'text': 'vencimento', 'timestamp': (1.04, 1.32)}, {'text': 'é', 'timestamp': (1.4, 1.42)}, {'text': 'muito', 'timestamp': (1.46, 1.58)}, {'text': 'curto', 'timestamp': (1.64, 1.78)}];0,2222222222222222;0,2222222222222222;0,3194444444444444;0,11764705882352941
./audios/SP_DID_250_977.17501_979.06678.wav;977,17501;979,06678;sessenta no máximo noventa dias;sessenta no máximo noventa dias;1,8917699999999513;sessenta no máximo de noventa dias;;[{'text': 'sessenta', 'timestamp': (0.04, 0.46)}, {'text': 'no', 'timestamp': (0.72, 0.78)}, {'text': 'máximo', 'timestamp': (0.84, 1.14)}, {'text': 'de', 'timestamp': (1.16, 1.2)}, {'text': 'noventa', 'timestamp': (1.22, 1.54)}, {'text': 'dias', 'timestamp': (1.66, 1.84)}];0,2;0,16666666666666666;0,16666666666666663;0,0967741935483871
./audios/SP_DID_250_979.83123_981.22559.wav;979,83123;981,22559;com um aval de garantia;com um aval de garantia;1,394360000000006;com um aval de garantia;;[{'text': 'com', 'timestamp': (0.04, 0.14)}, {'text': 'um', 'timestamp': (0.26, 0.3)}, {'text': 'aval', 'timestamp': (0.38, 0.68)}, {'text': 'de', 'timestamp': (0.78, 0.84)}, {'text': 'garantia', 'timestamp': (0.9, 1.32)}];0,0;0,0;0,0;0,0
./audios/SP_DID_250_983.76086_984.07535.wav;983,76086;984,07535;e::;e;0,31448999999997795;e;;[{'text': 'e', 'timestamp': (1.06, 1.08)}];0,0;0,0;0,0;0,0
./audios/SP_DID_250_984.86976_986.81959.wav;984,86976;986,81959;com possibilidades de renovação;com possibilidades de renovação;1,9498299999999062;com possibilidades de renovação;;[{'text': 'com', 'timestamp': (0.04, 0.16)}, {'text': 'possibilidades', 'timestamp': (0.34, 0.98)}, {'text': 'de', 'timestamp': (1.04, 1.1)}, {'text': 'renovação', 'timestamp': (1.2, 1.84)}];0,0;0,0;0,0;0,0
./audios/SP_DID_250_987.38567_990.55569.wav;987,38567;990,55569;desde que no fim do prazo seja paga pelo menos uma parte da dívida;desde que no fim do prazo seja paga pelo menos uma parte da dívida;3,1700200000000223;desde que no fim do prado seja paga pelo menos uma parte da vida;;[{'text': 'desde', 'timestamp': (0.06, 0.28)}, {'text': 'que', 'timestamp': (0.38, 0.46)}, {'text': 'no', 'timestamp': (0.54, 0.6)}, {'text': 'fim', 'timestamp': (0.64, 0.76)}, {'text': 'do', 'timestamp': (0.82, 0.86)}, {'text': 'prado', 'timestamp': (0.94, 1.12)}, {'text': 'seja', 'timestamp': (1.26, 1.52)}, {'text': 'paga', 'timestamp': (1.58, 1.78)}, {'text': 'pelo', 'timestamp': (1.88, 2.0)}, {'text': 'menos', 'timestamp': (2.04, 2.2)}, {'text': 'uma', 'timestamp': (2.28, 2.36)}, {'text': 'parte', 'timestamp': (2.48, 2.7)}, {'text': 'da', 'timestamp': (2.78, 2.82)}, {'text': 'vida', 'timestamp': (2.9, 3.12)}];0,14285714285714285;0,14285714285714285;0,26530612244897966;0,045454545454545456
./audios/SP_DID_250_995.97351_996.21663.wav;995,97351;996,21663;ahn?;ah;0,24311999999997624;a;;[{'text': 'a', 'timestamp': (1.06, 1.08)}];1,0;1,0;1,0;0,5
./audios/SP_DID_250_1000.3465_1004.07494.wav;1000,3465;1004,07494;bom normalmente:: ah:: o os termos usuais são;bom normalmente ah o os termos usuais são;3,7284399999999778;normalmente a o os termos usuais são;;[{'text': 'normalmente', 'timestamp': (0.24, 0.88)}, {'text': 'a', 'timestamp': (1.34, 1.36)}, {'text': 'o', 'timestamp': (2.04, 2.06)}, {'text': 'os', 'timestamp': (2.32, 2.38)}, {'text': 'termos', 'timestamp': (2.44, 2.68)}, {'text': 'usuais', 'timestamp': (2.82, 3.24)}, {'text': 'são', 'timestamp': (3.38, 3.5)}];0,25;0,25;0,3571428571428572;0,12195121951219512
./audios/SP_DID_250_1004.48912_1005.13581.wav;1004,48912;1005,13581; devedor;devedor;0,6466900000000351;devedor;;[{'text': 'devedor', 'timestamp': (1.06, 1.56)}];0,0;0,0;0,0;0,0
./audios/SP_DID_250_1005.46279_1006.10949.wav;1005,46279;1006,10949;e credor;e credor;0,6467000000000098;icredor;;[{'text': 'icredor', 'timestamp': (1.1, 1.58)}];1,0;1,0;1,0;0,25
./audios/SP_DID_250_1007.17036_1008.45648.wav;1007,17036;1008,45648;quem empresta é o devedor;quem empresta é o devedor;1,2861200000000963;quem empresta o devedor;;[{'text': 'quem', 'timestamp': (0.0, 0.12)}, {'text': 'empresta', 'timestamp': (0.14, 0.6)}, {'text': 'o', 'timestamp': (0.7, 0.74)}, {'text': 'devedor', 'timestamp': (0.84, 1.2)}];0,2;0,2;0,19999999999999996;0,08
./audios/SP_DID_250_1010.68861_1012.97014.wav;1010,68861;1012,97014;agora é possível que haja outro termo;agora é possível que haja outro termo;2,281529999999975;agora é possível que haja algum outro termo;;[{'text': 'agora', 'timestamp': (0.12, 0.32)}, {'text': 'é', 'timestamp': (0.36, 0.38)}, {'text': 'possível', 'timestamp': (0.46, 0.8)}, {'text': 'que', 'timestamp': (0.88, 0.94)}, {'text': 'haja', 'timestamp': (1.0, 1.16)}, {'text': 'algum', 'timestamp': (1.22, 1.44)}, {'text': 'outro', 'timestamp': (1.58, 1.8)}, {'text': 'termo', 'timestamp': (1.92, 2.2)}];0,14285714285714285;0,125;0,125;0,16216216216216217
./audios/SP_DID_250_1013.07249_1013.8.wav;1013,07249;1013,8; específico;específico;0,7275099999999384;específico;;[{'text': 'específico', 'timestamp': (0.92, 1.56)}];0,0;0,0;0,0;0,0
./audios/SP_DID_250_1014.39208_1015.53982.wav;1014,39208;1015,53982;mas isto já está::;mas isto já está;1,1477399999999989;mas isso já está;;[{'text': 'mas', 'timestamp': (0.06, 0.2)}, {'text': 'isso', 'timestamp': (0.3, 0.46)}, {'text': 'já', 'timestamp': (0.56, 0.62)}, {'text': 'está', 'timestamp': (0.7, 0.9)}];0,25;0,25;0,4375;0,0625
./audios/SP_DID_250_1016.41847_1018.06845.wav;1016,41847;1018,06845; confesso fora dos meus;confesso fora dos meus;1,6499800000000278;confesso fora dos meus;;[{'text': 'confesso', 'timestamp': (0.16, 0.66)}, {'text': 'fora', 'timestamp': (0.82, 1.04)}, {'text': 'dos', 'timestamp': (1.12, 1.24)}, {'text': 'meus', 'timestamp': (1.34, 1.58)}];0,0;0,0;0,0;0,0
./audios/SP_DID_250_1018.71235_1019.5.wav;1018,71235;1019,5;limiTAdos;limitados;0,7876499999999851;limitado;;[{'text': 'limitado', 'timestamp': (1.06, 1.7)}];1,0;1,0;1,0;0,1111111111111111
./audios/SP_DID_250_1019.67148_1020.85195.wav;1019,67148;1020,85195;conhecimentos na matéria;conhecimentos na matéria;1,180470000000014;conhecimentos na matéria;;[{'text': 'conhecimentos', 'timestamp': (0.04, 0.64)}, {'text': 'na', 'timestamp': (0.7, 0.76)}, {'text': 'matéria', 'timestamp': (0.82, 1.14)}];0,0;0,0;0,0;0,0
./audios/SP_DID_250_1022.55017_1022.71115.wav;1022,55017;1022,71115;éh;eh;0,16097999999999502;a;;[{'text': 'a', 'timestamp': (0.76, 0.82)}];1,0;1,0;1,0;1,0
./audios/SP_DID_250_1022.84529_1023.83125.wav;1022,84529;1023,83125;credor e devedor;credor e devedor;0,9859599999999773;credor e devedor;;[{'text': 'credor', 'timestamp': (1.0, 1.4)}, {'text': 'e', 'timestamp': (1.46, 1.48)}, {'text': 'devedor', 'timestamp': (1.56, 1.96)}];0,0;0,0;0,0;0,0
./audios/SP_DID_250_1024.59588_1025.56172.wav;1024,59588;1025,56172;quem deve é o devedor;quem deve é o devedor;0,9658399999998437;quem deve ao devedor;;[{'text': 'quem', 'timestamp': (1.0, 1.12)}, {'text': 'deve', 'timestamp': (1.2, 1.38)}, {'text': 'ao', 'timestamp': (1.42, 1.46)}, {'text': 'devedor', 'timestamp': (1.5, 1.9)}];0,4;0,4;0,55;0,09523809523809523
./audios/SP_DID_250_1027.04402_1030.191.wav;1027,04402;1030,191;quem tem direito a receber o montante da dívida é o é o é o credor;quem tem direito a receber o montante da dívida é o é o é o credor;3,146979999999985;e tem direito a receber o montante da dívida é o credor;;[{'text': 'e', 'timestamp': (0.0, 0.04)}, {'text': 'tem', 'timestamp': (0.2, 0.3)}, {'text': 'direito', 'timestamp': (0.38, 0.58)}, {'text': 'a', 'timestamp': (0.64, 0.66)}, {'text': 'receber', 'timestamp': (0.74, 1.2)}, {'text': 'o', 'timestamp': (1.26, 1.28)}, {'text': 'montante', 'timestamp': (1.36, 1.64)}, {'text': 'da', 'timestamp': (1.7, 1.74)}, {'text': 'dívida', 'timestamp': (1.82, 2.08)}, {'text': 'é', 'timestamp': (2.38, 2.42)}, {'text': 'o', 'timestamp': (2.68, 2.7)}, {'text': 'credor', 'timestamp': (2.76, 3.08)}];0,3125;0,3125;0,36979166666666674;0,16666666666666666
./audios/SP_DID_250_1039.95855_1040.35971.wav;1039,95855;1040,35971;ah::;ah;0,4011599999998907;ai;;[{'text': 'ai', 'timestamp': (1.06, 1.3)}];1,0;1,0;1,0;0,5
./audios/SP_DID_250_1040.46822_1041.98424.wav;1040,46822;1041,98424;que e ele exige de quem do::;que e ele exige de quem do;1,516020000000026;não existe quem do;;[{'text': 'não', 'timestamp': (0.16, 0.26)}, {'text': 'existe', 'timestamp': (0.32, 0.7)}, {'text': 'quem', 'timestamp': (0.88, 1.04)}, {'text': 'do', 'timestamp': (1.18, 1.26)}];0,7142857142857143;0,7142857142857143;0,8571428571428572;0,5
./audios/SP_DID_250_1042.07009_1043.00574.wav;1042,07009;1043,00574;do seu::;do seu;0,9356500000001233;do seu do;;[{'text': 'do', 'timestamp': (1.0, 1.08)}, {'text': 'seu', 'timestamp': (1.16, 1.32)}, {'text': 'do', 'timestamp': (1.84, 1.9)}];0,5;0,3333333333333333;0,33333333333333337;0,5
./audios/SP_DID_250_1043.10591_1044.46648.wav;1043,10591;1044,46648;do seu constituinte do seu cliente;do seu constituinte do seu cliente;1,3605700000000525;seu constituinte do seu cliente;;[{'text': 'seu', 'timestamp': (0.0, 0.12)}, {'text': 'constituinte', 'timestamp': (0.18, 0.66)}, {'text': 'do', 'timestamp': (0.8, 0.84)}, {'text': 'seu', 'timestamp': (0.9, 1.0)}, {'text': 'cliente', 'timestamp': (1.04, 1.28)}];0,16666666666666666;0,16666666666666666;0,16666666666666663;0,08823529411764706
./audios/SP_DID_250_1045.09345_1045.34683.wav;1045,09345;1045,34683;bem;bem;0,25337999999987915;bem;;[{'text': 'bem', 'timestamp': (1.06, 1.18)}];0,0;0,0;0,0;0,0
./audios/SP_DID_250_1046.46224_1046.93973.wav;1046,46224;1046,93973;O::;o;0,47748999999998887;o;;[{'text': 'o', 'timestamp': (1.1, 1.12)}];0,0;0,0;0,0;0,0
./audios/SP_DID_250_1047.01152_1048.35023.wav;1047,01152;1048,35023;todo advogado começa;todo advogado começa;1,3387099999999919;todo o advogado começa;;[{'text': 'todo', 'timestamp': (0.04, 0.16)}, {'text': 'o', 'timestamp': (0.18, 0.2)}, {'text': 'advogado', 'timestamp': (0.26, 0.72)}, {'text': 'começa', 'timestamp': (0.86, 1.26)}];0,3333333333333333;0,25;0,25;0,1
./audios/SP_DID_250_1048.4178_1049.32998.wav;1048,4178;1049,32998;prudentemente;prudentemente;0,9121800000000349;prudentemente;;[{'text': 'prudentemente', 'timestamp': (1.0, 1.7)}];0,0;0,0;0,0;0,0
./audios/SP_DID_250_1049.95499_1050.55547.wav;1049,95499;1050,55547;por::;por;0,6004800000000614;por;;[{'text': 'por', 'timestamp': (1.04, 1.42)}];0,0;0,0;0,0;0,0
./audios/SP_DID_250_1051.15937_1051.63657.wav;1051,15937;1051,63657;pedir;pedir;0,47719999999981155;pedir;;[{'text': 'pedir', 'timestamp': (1.02, 1.36)}];0,0;0,0;0,0;0,0
./audios/SP_DID_250_1052.36293_1053.70164.wav;1052,36293;1053,70164;além de uma procuração;além de uma procuração;1,3387099999999919;além de uma procuração;;[{'text': 'além', 'timestamp': (0.06, 0.22)}, {'text': 'de', 'timestamp': (0.28, 0.34)}, {'text': 'uma', 'timestamp': (0.38, 0.46)}, {'text': 'procuração', 'timestamp': (0.56, 1.24)}];0,0;0,0;0,0;0,0
./audios/SP_DID_250_1055.00315_1055.6802.wav;1055,00315;1055,6802;ad judicia;ad judicia;0,6770500000000084;adjudica;;[{'text': 'adjudica', 'timestamp': (1.06, 1.8)}];1,0;1,0;1,0;0,2
./audios/SP_DID_250_1055.6802_1055.93869.wav;1055,6802;1055,93869;quer dizer;quer dizer;0,25848999999993794;teve;;[{'text': 'teve', 'timestamp': (1.06, 1.26)}];1,0;1,0;1,0;0,8
./audios/SP_DID_250_1055.93869_1059.51417.wav;1055,93869;1059,51417;uma procuração que lhe permite defender os interesses do cliente em juízo;uma procuração que lhe permite defender os interesses do cliente em juízo;3,5754799999999705;é uma procuração que lhe permite defender os interesses do cliente em juízo;;[{'text': 'é', 'timestamp': (0.02, 0.04)}, {'text': 'uma', 'timestamp': (0.08, 0.16)}, {'text': 'procuração', 'timestamp': (0.2, 0.68)}, {'text': 'que', 'timestamp': (0.76, 0.84)}, {'text': 'lhe', 'timestamp': (0.88, 0.96)}, {'text': 'permite', 'timestamp': (1.04, 1.34)}, {'text': 'defender', 'timestamp': (1.46, 1.94)}, {'text': 'os', 'timestamp': (2.06, 2.1)}, {'text': 'interesses', 'timestamp': (2.18, 2.54)}, {'text': 'do', 'timestamp': (2.6, 2.66)}, {'text': 'cliente', 'timestamp': (2.74, 3.04)}, {'text': 'em', 'timestamp': (3.2, 3.24)}, {'text': 'juízo', 'timestamp': (3.28, 3.52)}];0,08333333333333333;0,07692307692307693;0,07692307692307687;0,0273972602739726
./audios/SP_DID_250_1060.78953_1061.81855.wav;1060,78953;1061,81855;firmar com ele;firmar com ele;1,0290199999999459;firmar com ele;;[{'text': 'firmar', 'timestamp': (0.04, 0.42)}, {'text': 'com', 'timestamp': (0.54, 0.64)}, {'text': 'ele', 'timestamp': (0.72, 0.88)}];0,0;0,0;0,0;0,0
./audios/SP_DID_250_1062.46468_1062.99256.wav;1062,46468;1062,99256;também;também;0,5278799999998682;também;;[{'text': 'também', 'timestamp': (1.02, 1.38)}];0,0;0,0;0,0;0,0
./audios/SP_DID_250_1063.8794_1064.27214.wav;1063,8794;1064,27214;um::;um;0,3927400000000034;o;;[{'text': 'o', 'timestamp': (1.06, 1.08)}];1,0;1,0;1,0;1,0
./audios/SP_DID_250_1064.51708_1065.97677.wav;1064,51708;1065,97677;contrato de honorários;contrato de honorários;1,4596899999999096;contrato de honorários;;[{'text': 'contrato', 'timestamp': (0.06, 0.66)}, {'text': 'de', 'timestamp': (0.78, 0.84)}, {'text': 'honorários', 'timestamp': (0.88, 1.42)}];0,0;0,0;0,0;0,0
./audios/SP_DID_250_1068.67759_1069.69543.wav;1068,67759;1069,69543;haBItualmente;habitualmente;1,0178399999999783;habitualmente;;[{'text': 'habitualmente', 'timestamp': (0.04, 0.96)}];0,0;0,0;0,0;0,0
./audios/SP_DID_250_1070.16931_1071.58659.wav;1070,16931;1071,58659;mas isso não é uma::;mas isso não é uma;1,4172799999998915;mas isso não é uma;;[{'text': 'mas', 'timestamp': (0.04, 0.16)}, {'text': 'isso', 'timestamp': (0.24, 0.42)}, {'text': 'não', 'timestamp': (0.5, 0.56)}, {'text': 'é', 'timestamp': (0.62, 0.64)}, {'text': 'uma', 'timestamp': (0.72, 0.84)}];0,0;0,0;0,0;0,0
./audios/SP_DID_250_1071.67789_1072.94301.wav;1071,67789;1072,94301;uma obrigação legal;uma obrigação legal;1,2651200000000244;uma obrigação legal;;[{'text': 'uma', 'timestamp': (0.08, 0.16)}, {'text': 'obrigação', 'timestamp': (0.26, 0.78)}, {'text': 'legal', 'timestamp': (0.88, 1.16)}];0,0;0,0;0,0;0,0
./audios/SP_DID_250_1074.43939_1076.3349.wav;1074,43939;1076,3349;os:: advogados cobram;os advogados cobram;1,8955100000000584;os advogados cobram;;[{'text': 'os', 'timestamp': (0.48, 0.54)}, {'text': 'advogados', 'timestamp': (0.64, 1.26)}, {'text': 'cobram', 'timestamp': (1.42, 1.78)}];0,0;0,0;0,0;0,0
./audios/SP_DID_250_1076.86529_1079.10075.wav;1076,86529;1079,10075;vinte por cento do valor da causa;vinte por cento do valor da causa;2,235460000000103;vincendo valor da causa;;[{'text': 'vincendo', 'timestamp': (0.08, 1.16)}, {'text': 'valor', 'timestamp': (1.24, 1.52)}, {'text': 'da', 'timestamp': (1.6, 1.66)}, {'text': 'causa', 'timestamp': (1.8, 2.14)}];0,5714285714285714;0,5714285714285714;0,6785714285714286;0,30303030303030304
./audios/SP_DID_250_1080.79192_1081.04057.wav;1080,79192;1081,04057;mas;mas;0,24864999999999782;mais;;[{'text': 'mais', 'timestamp': (1.08, 1.28)}];1,0;1,0;1,0;0,3333333333333333
./audios/SP_DID_250_1081.2449_1082.42615.wav;1081,2449;1082,42615; podem cobrar menos;podem cobrar menos;1,181250000000091;podem cobrar menos;;[{'text': 'podem', 'timestamp': (0.06, 0.32)}, {'text': 'cobrar', 'timestamp': (0.44, 0.74)}, {'text': 'menos', 'timestamp': (0.86, 1.1)}];0,0;0,0;0,0;0,0
./audios/SP_DID_250_1084.28696_1085.81487.wav;1084,28696;1085,81487; eu por exemplo agora;eu por exemplo agora;1,5279100000000199;eu por exemplo agora;;[{'text': 'eu', 'timestamp': (0.06, 0.14)}, {'text': 'por', 'timestamp': (0.24, 0.34)}, {'text': 'exemplo', 'timestamp': (0.4, 0.8)}, {'text': 'agora', 'timestamp': (0.92, 1.3)}];0,0;0,0;0,0;0,0
./audios/SP_DID_250_1086.65517_1087.50352.wav;1086,65517;1087,50352;assinei;assinei;0,8483499999999822;assinei;;[{'text': 'assinei', 'timestamp': (1.04, 1.68)}];0,0;0,0;0,0;0,0
./audios/SP_DID_250_1088.20495_1089.04494.wav;1088,20495;1089,04494;procuração;procuração;0,8399899999999434;procuração;;[{'text': 'procuração', 'timestamp': (1.0, 1.68)}];0,0;0,0;0,0;0,0
./audios/SP_DID_250_1089.6376_1092.01983.wav;1089,6376;1092,01983; e aceitei as condições do contrato de honorários;e aceitei as condições do contrato de honorários;2,382229999999936;e aceitei as condições de um contrato honorário;;[{'text': 'e', 'timestamp': (0.08, 0.1)}, {'text': 'aceitei', 'timestamp': (0.2, 0.66)}, {'text': 'as', 'timestamp': (0.76, 0.82)}, {'text': 'condições', 'timestamp': (0.92, 1.32)}, {'text': 'de', 'timestamp': (1.34, 1.38)}, {'text': 'um', 'timestamp': (1.4, 1.44)}, {'text': 'contrato', 'timestamp': (1.5, 1.84)}, {'text': 'honorário', 'timestamp': (1.94, 2.32)}];0,5;0,4444444444444444;0,609375;0,16666666666666666
./audios/SP_DID_250_1092.62221_1093.97152.wav;1092,62221;1093,97152;com advogados que estão;com advogados que estão;1,3493100000000595;com advogados que estão;;[{'text': 'com', 'timestamp': (0.02, 0.1)}, {'text': 'advogados', 'timestamp': (0.16, 0.76)}, {'text': 'que', 'timestamp': (0.86, 0.92)}, {'text': 'estão', 'timestamp': (0.98, 1.24)}];0,0;0,0;0,0;0,0
./audios/SP_DID_250_1094.53039_1095.74854.wav;1094,53039;1095,74854;ahn::;ah;1,2181500000001506;ah;;[{'text': 'ah', 'timestamp': (0.08, 0.18)}];0,0;0,0;0,0;0,0
./audios/SP_DID_250_1096.00352_1097.75712.wav;1096,00352;1097,75712;procurando obter na justiça;procurando obter na justiça;1,7536000000000058;procurando obter na justiça;;[{'text': 'procurando', 'timestamp': (0.04, 0.36)}, {'text': 'obter', 'timestamp': (0.44, 0.78)}, {'text': 'na', 'timestamp': (0.9, 0.98)}, {'text': 'justiça', 'timestamp': (1.12, 1.62)}];0,0;0,0;0,0;0,0
./audios/SP_DID_250_1098.12524_1099.56191.wav;1098,12524;1099,56191; um reajustamento;um reajustamento;1,4366699999998218;um reajustamento;;[{'text': 'um', 'timestamp': (0.06, 0.12)}, {'text': 'reajustamento', 'timestamp': (0.28, 1.3)}];0,0;0,0;0,0;0,0
./audios/SP_DID_250_1100.19464_1101.39366.wav;1100,19464;1101,39366; ahn::;ah;1,1990200000000186;ah;;[{'text': 'ah', 'timestamp': (0.06, 0.16)}];0,0;0,0;0,0;0,0
./audios/SP_DID_250_1102.22946_1103.01405.wav;1102,22946;1103,01405;de vencimentos;de vencimentos;0,7845899999999801;divertimento;;[{'text': 'divertimento', 'timestamp': (1.08, 1.78)}];1,0;1,0;1,0;0,35714285714285715
./audios/SP_DID_250_1104.6898_1106.13242.wav;1104,6898;1106,13242;dos professores universitários;dos professores universitários;1,4426199999998062;nos professores universitários;;[{'text': 'nos', 'timestamp': (0.06, 0.14)}, {'text': 'professores', 'timestamp': (0.22, 0.66)}, {'text': 'universitários', 'timestamp': (0.72, 1.4)}];0,3333333333333333;0,3333333333333333;0,5555555555555556;0,03333333333333333
./audios/SP_DID_250_1107.08151_1109.33524.wav;1107,08151;1109,33524; --não não só da faculdade como como de outras;não não só da faculdade como como de outras;2,2537300000001323;não não é só da faculdade como como de outras;;[{'text': 'não', 'timestamp': (0.08, 0.18)}, {'text': 'não', 'timestamp': (0.34, 0.44)}, {'text': 'é', 'timestamp': (0.46, 0.48)}, {'text': 'só', 'timestamp': (0.56, 0.6)}, {'text': 'da', 'timestamp': (0.7, 0.74)}, {'text': 'faculdade', 'timestamp': (0.82, 1.28)}, {'text': 'como', 'timestamp': (1.38, 1.52)}, {'text': 'como', 'timestamp': (1.66, 1.78)}, {'text': 'de', 'timestamp': (1.88, 1.92)}, {'text': 'outras', 'timestamp': (1.98, 2.22)}];0,1111111111111111;0,1;0,09999999999999998;0,046511627906976744
./audios/SP_DID_250_1109.97429_1110.53742.wav;1109,97429;1110,53742; escolas também--;escolas também;0,563130000000001;escolas também;;[{'text': 'escolas', 'timestamp': (0.94, 1.26)}, {'text': 'também', 'timestamp': (1.32, 1.5)}];0,0;0,0;0,0;0,0
./audios/SP_DID_250_1110.98033_1112.56348.wav;1110,98033;1112,56348;um reajustamento de vencimentos;um reajustamento de vencimentos;1,5831499999999323;um reajustamento e vencimentos;;[{'text': 'um', 'timestamp': (0.06, 0.1)}, {'text': 'reajustamento', 'timestamp': (0.18, 0.78)}, {'text': 'e', 'timestamp': (0.86, 0.88)}, {'text': 'vencimentos', 'timestamp': (0.92, 1.46)}];0,25;0,25;0,4375;0,03225806451612903
./audios/SP_DID_250_1113.30244_1114.2182.wav;1113,30244;1114,2182;ahn:: no que;ah no que;0,9157600000000912;e no que te;;[{'text': 'e', 'timestamp': (1.08, 1.1)}, {'text': 'no', 'timestamp': (1.62, 1.68)}, {'text': 'que', 'timestamp': (1.78, 1.84)}, {'text': 'te', 'timestamp': (1.9, 1.98)}];0,6666666666666666;0,5;0,6666666666666667;0,5555555555555556
./audios/SP_DID_250_1114.31642_1118.24963.wav;1114,31642;1118,24963;tange às antigas gratificações de curso noturno et cetera e outras coisas;tange às antigas gratificações de curso noturno et cetera e outras coisas;3,9332099999999173;tange as antigas gratificações de curso noturno etcetera e outras coisas;;[{'text': 'tange', 'timestamp': (0.06, 0.32)}, {'text': 'as', 'timestamp': (0.54, 0.62)}, {'text': 'antigas', 'timestamp': (0.72, 1.16)}, {'text': 'gratificações', 'timestamp': (1.22, 1.86)}, {'text': 'de', 'timestamp': (1.9, 1.94)}, {'text': 'curso', 'timestamp': (2.04, 2.24)}, {'text': 'noturno', 'timestamp': (2.32, 2.76)}, {'text': 'etcetera', 'timestamp': (2.84, 3.18)}, {'text': 'e', 'timestamp': (3.26, 3.28)}, {'text': 'outras', 'timestamp': (3.36, 3.58)}, {'text': 'coisas', 'timestamp': (3.68, 3.9)}];0,25;0,25;0,38636363636363635;0,0273972602739726
./audios/SP_DID_250_1118.77283_1118.9782.wav;1118,77283;1118,9782;bem;bem;0,20536999999990257;bem;;[{'text': 'bem', 'timestamp': (1.04, 1.14)}];0,0;0,0;0,0;0,0
./audios/SP_DID_250_1119.08088_1120.18361.wav;1119,08088;1120,18361;esses nos pediram;esses nos pediram;1,102730000000065;esses nos pediram;;[{'text': 'esses', 'timestamp': (0.08, 0.4)}, {'text': 'nos', 'timestamp': (0.5, 0.6)}, {'text': 'pediram', 'timestamp': (0.68, 1.04)}];0,0;0,0;0,0;0,0
./audios/SP_DID_250_1120.88007_1121.69261.wav;1120,88007;1121,69261;quinze por cento;quinze por cento;0,8125400000001264;quinze por cento;;[{'text': 'quinze', 'timestamp': (1.0, 1.26)}, {'text': 'por', 'timestamp': (1.42, 1.52)}, {'text': 'cento', 'timestamp': (1.62, 1.8)}];0,0;0,0;0,0;0,0
./audios/SP_DID_250_1123.30069_1124.70254.wav;1123,30069;1124,70254;daquilo que recebermos;daquilo que recebermos;1,4018499999999676;daquilo que recebermos;;[{'text': 'daquilo', 'timestamp': (0.14, 0.52)}, {'text': 'que', 'timestamp': (0.62, 0.7)}, {'text': 'recebermos', 'timestamp': (0.78, 1.34)}];0,0;0,0;0,0;0,0
./audios/SP_DID_250_1124.88558_1125.00612.wav;1124,88558;1125,00612;e;e;0,12054000000011911;e;;[{'text': 'e', 'timestamp': (1.02, 1.04)}];0,0;0,0;0,0;0,0
./audios/SP_DID_250_1125.27399_1125.57311.wav;1125,27399;1125,57311;SÓ;só;0,29912000000012995;só;;[{'text': 'só', 'timestamp': (1.0, 1.08)}];0,0;0,0;0,0;0,0
./audios/SP_DID_250_1126.76025_1127.58171.wav;1126,76025;1127,58171;se recebermos;se recebermos;0,8214599999998882;sem receber;;[{'text': 'sem', 'timestamp': (0.98, 1.1)}, {'text': 'receber', 'timestamp': (1.2, 1.68)}];1,0;1,0;1,0;0,3076923076923077
./audios/SP_DID_250_1128.15763_1129.70681.wav;1128,15763;1129,70681;e no momento em que recebermos;e no momento em que recebermos;1,5491799999999785;e no momento em que as receberam;;[{'text': 'e', 'timestamp': (0.04, 0.06)}, {'text': 'no', 'timestamp': (0.18, 0.26)}, {'text': 'momento', 'timestamp': (0.36, 0.66)}, {'text': 'em', 'timestamp': (0.78, 0.82)}, {'text': 'que', 'timestamp': (0.88, 0.96)}, {'text': 'as', 'timestamp': (0.98, 1.06)}, {'text': 'receberam', 'timestamp': (1.1, 1.5)}];0,3333333333333333;0,2857142857142857;0,40476190476190477;0,2
./audios/SP_DID_250_1131.14523_1131.51184.wav;1131,14523;1131,51184;quer dizer;quer dizer;0,3666099999998096;fazer;;[{'text': 'fazer', 'timestamp': (1.0, 1.3)}];1,0;1,0;1,0;0,7
./audios/SP_DID_250_1131.51184_1132.84459.wav;1131,51184;1132,84459;que o contrato de honorários;que o contrato de honorários;1,3327500000000327;que o contrato de honorários;;[{'text': 'que', 'timestamp': (0.04, 0.12)}, {'text': 'o', 'timestamp': (0.24, 0.26)}, {'text': 'contrato', 'timestamp': (0.36, 0.72)}, {'text': 'de', 'timestamp': (0.74, 0.78)}, {'text': 'honorários', 'timestamp': (0.8, 1.26)}];0,0;0,0;0,0;0,0
./audios/SP_DID_250_1134.55487_1136.12957.wav;1134,55487;1136,12957;não obedece a normas;não obedece a normas;1,5747000000001208;não obedece a normas;;[{'text': 'não', 'timestamp': (0.14, 0.28)}, {'text': 'obedece', 'timestamp': (0.42, 0.9)}, {'text': 'a', 'timestamp': (1.0, 1.02)}, {'text': 'normas', 'timestamp': (1.08, 1.52)}];0,0;0,0;0,0;0,0
./audios/SP_DID_250_1136.70639_1137.7.wav;1136,70639;1137,7;Rí::gidas;rígidas;0,9936099999999897;rígidas;;[{'text': 'rígidas', 'timestamp': (1.2, 1.8)}];0,0;0,0;0,0;0,0
./audios/SP_DID_250_1137.86629_1139.00289.wav;1137,86629;1139,00289;e SEMpre as mesmas;e sempre as mesmas;1,136600000000044;e sempre as mesmas;;[{'text': 'e', 'timestamp': (0.06, 0.08)}, {'text': 'sempre', 'timestamp': (0.4, 0.68)}, {'text': 'as', 'timestamp': (0.76, 0.82)}, {'text': 'mesmas', 'timestamp': (0.88, 1.1)}];0,0;0,0;0,0;0,0
./audios/SP_DID_250_1147.48786_1148.58387.wav;1147,48786;1148,58387;a situação;a situação;1,0960099999999784;a situação;;[{'text': 'a', 'timestamp': (0.16, 0.18)}, {'text': 'situação', 'timestamp': (0.28, 0.9)}];0,0;0,0;0,0;0,0
./audios/SP_DID_250_1149.01641_1151.42597.wav;1149,01641;1151,42597;bem aí há:: na realidade;bem aí há na realidade;2,409560000000056;bem aí na na realidade;;[{'text': 'bem', 'timestamp': (0.06, 0.16)}, {'text': 'aí', 'timestamp': (0.36, 0.46)}, {'text': 'na', 'timestamp': (0.64, 0.7)}, {'text': 'na', 'timestamp': (1.18, 1.24)}, {'text': 'realidade', 'timestamp': (1.34, 1.9)}];0,2;0,2;0,3599999999999999;0,09090909090909091
./audios/SP_DID_250_1151.56025_1152.30278.wav;1151,56025;1152,30278;situações;situações;0,7425299999999879;situações;;[{'text': 'situações', 'timestamp': (0.98, 1.7)}];0,0;0,0;0,0;0,0
./audios/SP_DID_250_1153.79619_1154.94996.wav;1153,79619;1154,94996;há a situação;há a situação;1,153769999999895;ah a situação;;[{'text': 'ah', 'timestamp': (0.04, 0.14)}, {'text': 'a', 'timestamp': (0.32, 0.36)}, {'text': 'situação', 'timestamp': (0.44, 0.98)}];0,3333333333333333;0,3333333333333333;0,5555555555555556;0,15384615384615385
./audios/SP_DID_250_1156.22478_1156.8184.wav;1156,22478;1156,8184;ahn;ah;0,5936200000001008;a;;[{'text': 'a', 'timestamp': (1.08, 1.1)}];1,0;1,0;1,0;0,5
./audios/SP_DID_250_1158.0105_1159.41728.wav;1158,0105;1159,41728;propriamente empresarial;propriamente empresarial;1,4067799999997987;propriamente empresarial;;[{'text': 'propriamente', 'timestamp': (0.02, 0.5)}, {'text': 'empresarial', 'timestamp': (0.62, 1.3)}];0,0;0,0;0,0;0,0
./audios/SP_DID_250_1159.55873_1160.0891.wav;1159,55873;1160,0891;quer dizer;quer dizer;0,530369999999948;quer dizer;;[{'text': 'quer', 'timestamp': (1.0, 1.1)}, {'text': 'dizer', 'timestamp': (1.18, 1.42)}];0,0;0,0;0,0;0,0
./audios/SP_DID_250_1160.80436_1162.07432.wav;1160,80436;1162,07432;ahn a situação;ah a situação;1,2699599999998554;ah a situação;;[{'text': 'ah', 'timestamp': (0.1, 0.14)}, {'text': 'a', 'timestamp': (0.44, 0.46)}, {'text': 'situação', 'timestamp': (0.56, 1.12)}];0,0;0,0;0,0;0,0
./audios/SP_DID_250_1162.25921_1163.22263.wav;1162,25921;1163,22263; ahn:::;ah;0,9634200000000419;a;;[{'text': 'a', 'timestamp': (1.1, 1.12)}];1,0;1,0;1,0;0,5
./audios/SP_DID_250_1163.32088_1164.13832.wav;1163,32088;1164,13832;financeira;financeira;0,8174400000000333;financeira;;[{'text': 'financeira', 'timestamp': (1.0, 1.64)}];0,0;0,0;0,0;0,0
./audios/SP_DID_250_1164.96549_1166.17219.wav;1164,96549;1166,17219;de uma::;de uma;1,2066999999999553;de uma;;[{'text': 'de', 'timestamp': (0.08, 0.14)}, {'text': 'uma', 'timestamp': (0.28, 0.44)}];0,0;0,0;0,0;0,0
./audios/SP_DID_250_1168.22924_1169.85533.wav;1168,22924;1169,85533;de uma Empresa;de uma empresa;1,6260900000002039;de uma empresa;;[{'text': 'de', 'timestamp': (0.18, 0.26)}, {'text': 'uma', 'timestamp': (0.4, 0.62)}, {'text': 'empresa', 'timestamp': (0.92, 1.4)}];0,0;0,0;0,0;0,0
./audios/SP_DID_250_1170.50733_1172.33685.wav;1170,50733;1172,33685; que não pode mais funcionar;que não pode mais funcionar;1,8295200000000023;que não pode mais funcionar;;[{'text': 'que', 'timestamp': (0.02, 0.1)}, {'text': 'não', 'timestamp': (0.16, 0.24)}, {'text': 'pode', 'timestamp': (0.38, 0.64)}, {'text': 'mais', 'timestamp': (0.84, 1.06)}, {'text': 'funcionar', 'timestamp': (1.2, 1.74)}];0,0;0,0;0,0;0,0
./audios/SP_DID_250_1173.45852_1176.35943.wav;1173,45852;1176,35943;por insolvabilidade ou por alguma outra razão;por insolvabilidade ou por alguma outra razão;2,900910000000067;por insolvabilidade ou por alguma outra razão;;[{'text': 'por', 'timestamp': (0.04, 0.14)}, {'text': 'insolvabilidade', 'timestamp': (0.22, 1.34)}, {'text': 'ou', 'timestamp': (1.5, 1.56)}, {'text': 'por', 'timestamp': (1.68, 1.78)}, {'text': 'alguma', 'timestamp': (1.84, 2.08)}, {'text': 'outra', 'timestamp': (2.18, 2.4)}, {'text': 'razão', 'timestamp': (2.5, 2.8)}];0,0;0,0;0,0;0,0
./audios/SP_DID_250_1178.13055_1178.62783.wav;1178,13055;1178,62783;mas há;mas há;0,49727999999981876;mas há;;[{'text': 'mas', 'timestamp': (1.08, 1.22)}, {'text': 'há', 'timestamp': (1.26, 1.32)}];0,0;0,0;0,0;0,0
./audios/SP_DID_250_1179.82245_1180.6451.wav;1179,82245;1180,6451;pelo menos mais;pelo menos mais;0,8226500000000669;pelo menos mais;;[{'text': 'pelo', 'timestamp': (1.0, 1.16)}, {'text': 'menos', 'timestamp': (1.24, 1.46)}, {'text': 'mais', 'timestamp': (1.56, 1.78)}];0,0;0,0;0,0;0,0
./audios/SP_DID_250_1180.89269_1181.94696.wav;1180,89269;1181,94696;ESta situação;esta situação;1,0542700000000877;esta situação;;[{'text': 'esta', 'timestamp': (0.06, 0.32)}, {'text': 'situação', 'timestamp': (0.44, 0.92)}];0,0;0,0;0,0;0,0
./audios/SP_DID_250_1182.69926_1184.42443.wav;1182,69926;1184,42443;a daqueles que trabalham na fábrica;a daqueles que trabalham na fábrica;1,7251699999999346;a daqueles que trabalham na fábrica;;[{'text': 'a', 'timestamp': (0.06, 0.08)}, {'text': 'daqueles', 'timestamp': (0.14, 0.6)}, {'text': 'que', 'timestamp': (0.68, 0.76)}, {'text': 'trabalham', 'timestamp': (0.84, 1.2)}, {'text': 'na', 'timestamp': (1.26, 1.3)}, {'text': 'fábrica', 'timestamp': (1.4, 1.7)}];0,0;0,0;0,0;0,0
./audios/SP_DID_250_1186.3972_1186.74063.wav;1186,3972;1186,74063;não é?;não é;0,3434299999998984;não é;;[{'text': 'não', 'timestamp': (1.04, 1.14)}, {'text': 'é', 'timestamp': (1.18, 1.2)}];0,0;0,0;0,0;0,0
./audios/SP_DID_250_1188.02652_1188.32052.wav;1188,02652;1188,32052;bem;bem;0,2940000000000964;bem;;[{'text': 'bem', 'timestamp': (1.02, 1.16)}];0,0;0,0;0,0;0,0
./audios/SP_DID_250_1189.82205_1192.38103.wav;1189,82205;1192,38103;aí é uma pergunta:: ehn;aí é uma pergunta eh;2,5589800000000196;aí é uma pergunta;;[{'text': 'aí', 'timestamp': (0.08, 0.2)}, {'text': 'é', 'timestamp': (0.48, 0.5)}, {'text': 'uma', 'timestamp': (0.58, 0.68)}, {'text': 'pergunta', 'timestamp': (0.78, 1.28)}];0,2;0,2;0,19999999999999996;0,15
./audios/SP_DID_250_1193.2403_1194.9124.wav;1193,2403;1194,9124; difícil de responder;difícil de responder;1,6721000000000004;difícil de responder;;[{'text': 'difícil', 'timestamp': (0.1, 0.64)}, {'text': 'de', 'timestamp': (0.72, 0.76)}, {'text': 'responder', 'timestamp': (0.88, 1.52)}];0,0;0,0;0,0;0,0
./audios/SP_DID_250_1195.76156_1196.64308.wav;1195,76156;1196,64308;em em termos;em em termos;0,8815200000001369;em termos;;[{'text': 'em', 'timestamp': (1.08, 1.14)}, {'text': 'termos', 'timestamp': (1.28, 1.8)}];0,3333333333333333;0,3333333333333333;0,33333333333333337;0,25
./audios/SP_DID_250_1196.89517_1197.61804.wav;1196,89517;1197,61804;ahn::;ah;0,7228700000000572;a;;[{'text': 'a', 'timestamp': (1.1, 1.12)}];1,0;1,0;1,0;0,5
./audios/SP_DID_250_1198.45156_1199.28305.wav;1198,45156;1199,28305;absolutos;absolutos;0,8314900000000307;absoluto;;[{'text': 'absoluto', 'timestamp': (1.06, 1.68)}];1,0;1,0;1,0;0,1111111111111111
./audios/SP_DID_250_1200.44999_1200.73883.wav;1200,44999;1200,73883;quer dizer;quer dizer;0,2888399999999365;que dia;;[{'text': 'que', 'timestamp': (1.0, 1.06)}, {'text': 'dia', 'timestamp': (1.12, 1.26)}];1,0;1,0;1,0;0,4
./audios/SP_DID_250_1200.73883_1201.51914.wav;1200,73883;1201,51914;haverá;haverá;0,7803100000000995;haverá;;[{'text': 'haverá', 'timestamp': (1.02, 1.3)}];0,0;0,0;0,0;0,0
./audios/SP_DID_250_1202.04191_1203.45271.wav;1202,04191;1203,45271;mais de uma situação;mais de uma situação;1,4108000000001084;mais de uma situação;;[{'text': 'mais', 'timestamp': (0.1, 0.32)}, {'text': 'de', 'timestamp': (0.4, 0.44)}, {'text': 'uma', 'timestamp': (0.5, 0.58)}, {'text': 'situação', 'timestamp': (0.68, 1.24)}];0,0;0,0;0,0;0,0
./audios/SP_DID_250_1203.45271_1203.61023.wav;1203,45271;1203,61023;a;a;0,1575199999999768;mapa;;[{'text': 'mapa', 'timestamp': (1.0, 1.26)}];1,0;1,0;1,0;3,0
./audios/SP_DID_250_1203.76399_1204.46358.wav;1203,76399;1204,46358;a fábrica;a fábrica;0,6995900000001711;a fábrica;;[{'text': 'a', 'timestamp': (1.04, 1.06)}, {'text': 'fábrica', 'timestamp': (1.16, 1.58)}];0,0;0,0;0,0;0,0
./audios/SP_DID_250_1205.0171_1206.58542.wav;1205,0171;1206,58542;pelo fato de alegar;pelo fato de alegar;1,5683200000000852;pelo fato de alegar;;[{'text': 'pelo', 'timestamp': (0.04, 0.18)}, {'text': 'fato', 'timestamp': (0.32, 0.6)}, {'text': 'de', 'timestamp': (0.72, 0.78)}, {'text': 'alegar', 'timestamp': (0.92, 1.4)}];0,0;0,0;0,0;0,0
./audios/SP_DID_250_1207.4095_1209.58515.wav;1207,4095;1209,58515; ah o motivo de força maior;ah o motivo de força maior;2,1756500000001324;é um motivo de força maior;;[{'text': 'é', 'timestamp': (0.14, 0.16)}, {'text': 'um', 'timestamp': (0.7, 0.78)}, {'text': 'motivo', 'timestamp': (0.86, 1.14)}, {'text': 'de', 'timestamp': (1.22, 1.26)}, {'text': 'força', 'timestamp': (1.38, 1.64)}, {'text': 'maior', 'timestamp': (1.74, 2.04)}];0,3333333333333333;0,3333333333333333;0,5555555555555556;0,15384615384615385
./audios/SP_DID_250_1211.10735_1216.2432.wav;1211,10735;1216,2432;não deixa responder eventualmente por algumas obrigações em relação aos seus trabalhadores;não deixa responder eventualmente por algumas obrigações em relação aos seus trabalhadores;5,135849999999891;não deixa de responder eventualmente por algumas obrigações em relação aos seus trabalhadores;;[{'text': 'não', 'timestamp': (0.1, 0.2)}, {'text': 'deixa', 'timestamp': (0.3, 0.54)}, {'text': 'de', 'timestamp': (0.64, 0.7)}, {'text': 'responder', 'timestamp': (0.78, 1.36)}, {'text': 'eventualmente', 'timestamp': (1.66, 2.2)}, {'text': 'por', 'timestamp': (2.34, 2.42)}, {'text': 'algumas', 'timestamp': (2.5, 2.94)}, {'text': 'obrigações', 'timestamp': (3.04, 3.62)}, {'text': 'em', 'timestamp': (3.68, 3.72)}, {'text': 'relação', 'timestamp': (3.78, 4.14)}, {'text': 'aos', 'timestamp': (4.22, 4.28)}, {'text': 'seus', 'timestamp': (4.36, 4.52)}, {'text': 'trabalhadores', 'timestamp': (4.58, 5.1)}];0,08333333333333333;0,07692307692307693;0,07692307692307687;0,03333333333333333
./audios/SP_DID_250_1216.33435_1216.6877.wav;1216,33435;1216,6877;agora;agora;0,35334999999986394;agora;;[{'text': 'agora', 'timestamp': (1.04, 1.28)}];0,0;0,0;0,0;0,0
./audios/SP_DID_250_1217.14956_1218.07327.wav;1217,14956;1218,07327;com referência;com referência;0,9237100000000282;com referência;;[{'text': 'com', 'timestamp': (1.02, 1.14)}, {'text': 'referência', 'timestamp': (1.2, 1.82)}];0,0;0,0;0,0;0,0
./audios/SP_DID_250_1219.47099_1220.20632.wav;1219,47099;1220,20632;aos;aos;0,7353299999999763;a;;[{'text': 'a', 'timestamp': (1.06, 1.08)}];1,0;1,0;1,0;0,6666666666666666
./audios/SP_DID_250_1221.7742_1222.71732.wav;1221,7742;1222,71732;aos interesses;aos interesses;0,943119999999908;a os interesses;;[{'text': 'a', 'timestamp': (1.06, 1.08)}, {'text': 'os', 'timestamp': (1.28, 1.38)}, {'text': 'interesses', 'timestamp': (1.48, 1.92)}];1,0;0,6666666666666666;0,8333333333333334;0,07142857142857142
./audios/SP_DID_250_1223.28856_1225.07522.wav;1223,28856;1225,07522; pecuniários dos trabalhadores;pecuniários dos trabalhadores;1,7866599999999835;pecuniários dos trabalhadores;;[{'text': 'pecuniários', 'timestamp': (0.04, 0.84)}, {'text': 'dos', 'timestamp': (0.98, 1.08)}, {'text': 'trabalhadores', 'timestamp': (1.14, 1.74)}];0,0;0,0;0,0;0,0
./audios/SP_DID_250_1226.15694_1227.41637.wav;1226,15694;1227,41637; eu tenho a impressão;eu tenho a impressão;1,2594299999998384;eu tenho a impressão;;[{'text': 'eu', 'timestamp': (0.06, 0.12)}, {'text': 'tenho', 'timestamp': (0.28, 0.46)}, {'text': 'a', 'timestamp': (0.54, 0.56)}, {'text': 'impressão', 'timestamp': (0.6, 1.1)}];0,0;0,0;0,0;0,0
./audios/SP_DID_250_1227.59144_1228.26191.wav;1227,59144;1228,26191;de que;de que;0,670470000000023;de que;;[{'text': 'de', 'timestamp': (1.14, 1.2)}, {'text': 'que', 'timestamp': (1.38, 1.44)}];0,0;0,0;0,0;0,0
./audios/SP_DID_250_1228.52264_1229.93063.wav;1228,52264;1229,93063;o Fundo de Garantia;o fundo de garantia;1,4079900000001544;o fundo de garantia;;[{'text': 'o', 'timestamp': (0.06, 0.08)}, {'text': 'fundo', 'timestamp': (0.26, 0.56)}, {'text': 'de', 'timestamp': (0.66, 0.7)}, {'text': 'garantia', 'timestamp': (0.78, 1.3)}];0,0;0,0;0,0;0,0
./audios/SP_DID_250_1231.0307_1232.22392.wav;1231,0307;1232,22392;se estiver em ordem;se estiver em ordem;1,193219999999883;se estiver em ordem;;[{'text': 'se', 'timestamp': (0.02, 0.14)}, {'text': 'estiver', 'timestamp': (0.2, 0.58)}, {'text': 'em', 'timestamp': (0.62, 0.7)}, {'text': 'ordem', 'timestamp': (0.78, 1.08)}];0,0;0,0;0,0;0,0
./audios/SP_DID_250_1233.3329_1233.7191.wav;1233,3329;1233,7191;não é?;não é;0,38619999999991705;não é;;[{'text': 'não', 'timestamp': (1.06, 1.16)}, {'text': 'é', 'timestamp': (1.22, 1.24)}];0,0;0,0;0,0;0,0
./audios/SP_DID_250_1234.69809_1235.34176.wav;1234,69809;1235,34176;responde;responde;0,6436699999999291;responde;;[{'text': 'responde', 'timestamp': (1.1, 1.52)}];0,0;0,0;0,0;0,0
./audios/SP_DID_250_1236.17854_1238.42037.wav;1236,17854;1238,42037;(era só saber tam/) éh também se a fábrica;era só saber tam eh também se a fábrica;2,2418299999999363;resta ao cabelo também se a fábrica;;[{'text': 'resta', 'timestamp': (0.04, 0.22)}, {'text': 'ao', 'timestamp': (0.24, 0.28)}, {'text': 'cabelo', 'timestamp': (0.3, 0.52)}, {'text': 'também', 'timestamp': (0.58, 1.36)}, {'text': 'se', 'timestamp': (1.46, 1.52)}, {'text': 'a', 'timestamp': (1.6, 1.62)}, {'text': 'fábrica', 'timestamp': (1.7, 2.1)}];0,5555555555555556;0,5555555555555556;0,746031746031746;0,358974358974359
./audios/SP_DID_250_1238.86842_1240.72854.wav;1238,86842;1240,72854;mantereria em dia os seus pagamentos;mantereria em dia os seus pagamentos;1,8601200000000517;manter envia os seus pagamentos;;[{'text': 'manter', 'timestamp': (0.08, 0.36)}, {'text': 'envia', 'timestamp': (0.5, 0.8)}, {'text': 'os', 'timestamp': (0.84, 0.9)}, {'text': 'seus', 'timestamp': (0.94, 1.08)}, {'text': 'pagamentos', 'timestamp': (1.18, 1.8)}];0,5;0,5;0,7;0,19444444444444445
./audios/SP_DID_250_1241.26087_1243.55693.wav;1241,26087;1243,55693;ah:: referentes a::;ah referentes a;2,2960599999998976;e referentes a;;[{'text': 'e', 'timestamp': (0.12, 0.14)}, {'text': 'referentes', 'timestamp': (0.48, 1.12)}, {'text': 'a', 'timestamp': (1.24, 1.26)}];0,3333333333333333;0,3333333333333333;0,5555555555555556;0,13333333333333333
./audios/SP_DID_250_1243.68608_1245.01458.wav;1243,68608;1245,01458;como é que se chama? ao i ene pê esse;como é que se chama ao i ene pê esse;1,3285000000000764;o que se chama o iene te;;[{'text': 'o', 'timestamp': (0.02, 0.04)}, {'text': 'que', 'timestamp': (0.14, 0.2)}, {'text': 'se', 'timestamp': (0.24, 0.32)}, {'text': 'chama', 'timestamp': (0.38, 0.52)}, {'text': 'o', 'timestamp': (0.64, 0.66)}, {'text': 'iene', 'timestamp': (0.7, 0.88)}, {'text': 'te', 'timestamp': (1.0, 1.04)}];0,7;0,7;0,8714285714285714;0,3611111111111111
./audios/SP_DID_250_1245.96_1247.25529.wav;1245,96;1247,25529;quer dizer a::;quer dizer a;1,2952900000000227;quer dizer a;;[{'text': 'quer', 'timestamp': (0.0, 0.1)}, {'text': 'dizer', 'timestamp': (0.14, 0.32)}, {'text': 'a', 'timestamp': (0.4, 0.42)}];0,0;0,0;0,0;0,0
./audios/SP_DID_250_1247.77193_1248.67605.wav;1247,77193;1248,67605;assistência;assistência;0,9041199999999208;assistência;;[{'text': 'assistência', 'timestamp': (1.06, 1.6)}];0,0;0,0;0,0;0,0
./audios/SP_DID_250_1249.30041_1250.11965.wav;1249,30041;1250,11965;previdencial;previdencial;0,8192400000000362;providencial;;[{'text': 'providencial', 'timestamp': (1.02, 1.62)}];1,0;1,0;1,0;0,08333333333333333
./audios/SP_DID_250_1250.84295_1251.08901.wav;1250,84295;1251,08901;quer dizer;quer dizer;0,2460599999999431;que fazer;;[{'text': 'que', 'timestamp': (0.8, 0.9)}, {'text': 'fazer', 'timestamp': (0.98, 1.24)}];1,0;1,0;1,0;0,3
./audios/SP_DID_250_1251.08901_1251.99188.wav;1251,08901;1251,99188;aposentadoria;aposentadoria;0,9028700000001209;a aposentadoria;;[{'text': 'a', 'timestamp': (1.04, 1.06)}, {'text': 'aposentadoria', 'timestamp': (1.1, 1.84)}];1,0;0,5;0,5;0,15384615384615385
./audios/SP_DID_250_1253.032_1254.36863.wav;1253,032;1254,36863;a que o trabalhador que;a que o trabalhador que;1,3366300000000138;a que o trabalhador que;;[{'text': 'a', 'timestamp': (0.08, 0.12)}, {'text': 'que', 'timestamp': (0.14, 0.2)}, {'text': 'o', 'timestamp': (0.28, 0.3)}, {'text': 'trabalhador', 'timestamp': (0.34, 0.92)}, {'text': 'que', 'timestamp': (1.04, 1.12)}];0,0;0,0;0,0;0,0
./audios/SP_DID_250_1254.53806_1256.21445.wav;1254,53806;1256,21445;concorre para o i ene pê esse tem direito;concorre para o i ene pê esse tem direito;1,6763899999998557;concorre para o inss tem direito;;[{'text': 'concorre', 'timestamp': (0.04, 0.4)}, {'text': 'para', 'timestamp': (0.5, 0.58)}, {'text': 'o', 'timestamp': (0.6, 0.62)}, {'text': 'inss', 'timestamp': (0.7, 1.16)}, {'text': 'tem', 'timestamp': (1.26, 1.36)}, {'text': 'direito', 'timestamp': (1.46, 1.64)}];0,4444444444444444;0,4444444444444444;0,537037037037037;0,21951219512195122
./audios/SP_DID_250_1256.30858_1256.48.wav;1256,30858;1256,48;né?;né;0,17142000000012558;no;;[{'text': 'no', 'timestamp': (1.08, 1.14)}];1,0;1,0;1,0;0,5
./audios/SP_DID_250_1260.8188_1261.00915.wav;1260,8188;1261,00915;como?;como;0,1903500000000804;com;;[{'text': 'com', 'timestamp': (0.98, 1.1)}];1,0;1,0;1,0;0,25
./audios/SP_DID_250_1263.29923_1263.48267.wav;1263,29923;1263,48267;BOm;bom;0,1834400000000187;bom;;[{'text': 'bom', 'timestamp': (1.0, 1.12)}];0,0;0,0;0,0;0,0
./audios/SP_DID_250_1263.62378_1265.71214.wav;1263,62378;1265,71214;sem ser em re/ em relação aos trabalhadores;sem ser em re em relação aos trabalhadores;2,0883600000001934;a serem em relação aos trabalhadores;;[{'text': 'a', 'timestamp': (0.0, 0.02)}, {'text': 'serem', 'timestamp': (0.1, 0.32)}, {'text': 'em', 'timestamp': (0.42, 0.88)}, {'text': 'relação', 'timestamp': (0.98, 1.28)}, {'text': 'aos', 'timestamp': (1.32, 1.38)}, {'text': 'trabalhadores', 'timestamp': (1.44, 2.04)}];0,5;0,5;0,6666666666666667;0,16666666666666666
./audios/SP_DID_250_1266.62067_1268.71211.wav;1266,62067;1268,71211;se a a a fábrica só pode;se a a a fábrica só pode;2,0914399999999205;a a a a fábrica só pode;;[{'text': 'a', 'timestamp': (0.12, 0.14)}, {'text': 'a', 'timestamp': (0.18, 0.2)}, {'text': 'a', 'timestamp': (0.46, 0.48)}, {'text': 'a', 'timestamp': (0.64, 0.66)}, {'text': 'fábrica', 'timestamp': (0.8, 1.16)}, {'text': 'só', 'timestamp': (1.34, 1.4)}, {'text': 'pode', 'timestamp': (1.58, 1.82)}];0,14285714285714285;0,14285714285714285;0,26530612244897966;0,08333333333333333
./audios/SP_DID_250_1268.8419_1269.62992.wav;1268,8419;1269,62992;suspender;suspender;0,7880200000001878;suspender;;[{'text': 'suspender', 'timestamp': (1.02, 1.64)}];0,0;0,0;0,0;0,0
./audios/SP_DID_250_1270.2835_1272.39812.wav;1270,2835;1272,39812;as suas a:: a fábrica ou empresa;as suas a a fábrica ou empresa;2,114620000000059;a fábrica a empresa;;[{'text': 'a', 'timestamp': (1.12, 1.16)}, {'text': 'fábrica', 'timestamp': (1.22, 1.56)}, {'text': 'a', 'timestamp': (1.62, 1.64)}, {'text': 'empresa', 'timestamp': (1.7, 2.02)}];0,5714285714285714;0,5714285714285714;0,6785714285714286;0,4
./audios/SP_DID_250_1272.88947_1274.50722.wav;1272,88947;1274,50722;só pode suspender as suas;só pode suspender as suas;1,6177499999998872;só pode suspender a sua;;[{'text': 'só', 'timestamp': (0.06, 0.1)}, {'text': 'pode', 'timestamp': (0.22, 0.38)}, {'text': 'suspender', 'timestamp': (0.48, 1.0)}, {'text': 'a', 'timestamp': (1.08, 1.1)}, {'text': 'sua', 'timestamp': (1.26, 1.46)}];0,4;0,4;0,64;0,08
./audios/SP_DID_250_1276.28809_1277.08051.wav;1276,28809;1277,08051;atividades;atividades;0,7924199999999928;atividades;;[{'text': 'atividades', 'timestamp': (1.06, 1.78)}];0,0;0,0;0,0;0,0
./audios/SP_DID_250_1278.64727_1279.35737.wav;1278,64727;1279,35737;normais;normais;0,7101000000000113;normais;;[{'text': 'normais', 'timestamp': (1.1, 1.62)}];0,0;0,0;0,0;0,0
./audios/SP_DID_250_1281.06319_1281.64261.wav;1281,06319;1281,64261;éh::;eh;0,5794200000000274;é;;[{'text': 'é', 'timestamp': (1.08, 1.1)}];1,0;1,0;1,0;1,0
./audios/SP_DID_250_1283.68306_1284.93461.wav;1283,68306;1284,93461;judicialmente;judicialmente;1,251549999999952;judicialmente;;[{'text': 'judicialmente', 'timestamp': (0.14, 1.08)}];0,0;0,0;0,0;0,0
./audios/SP_DID_250_1285.21251_1285.68365.wav;1285,21251;1285,68365;quer dizer;quer dizer;0,47113999999987755;quer dizer;;[{'text': 'quer', 'timestamp': (1.0, 1.1)}, {'text': 'dizer', 'timestamp': (1.16, 1.38)}];0,0;0,0;0,0;0,0
./audios/SP_DID_250_1286.52536_1288.85181.wav;1286,52536;1288,85181;ela tem que requerer concordata;ela tem que requerer concordata;2,326449999999795;ela tem que requerer concordar;;[{'text': 'ela', 'timestamp': (0.06, 0.18)}, {'text': 'tem', 'timestamp': (0.34, 0.44)}, {'text': 'que', 'timestamp': (0.54, 0.6)}, {'text': 'requerer', 'timestamp': (1.12, 1.54)}, {'text': 'concordar', 'timestamp': (1.72, 2.24)}];0,2;0,2;0,3599999999999999;0,06451612903225806
./audios/SP_DID_250_1290.232_1291.39862.wav;1290,232;1291,39862;se não for à falência;se não for à falência;1,1666199999999662;se não fora fale se;;[{'text': 'se', 'timestamp': (0.02, 0.1)}, {'text': 'não', 'timestamp': (0.14, 0.22)}, {'text': 'fora', 'timestamp': (0.3, 0.52)}, {'text': 'fale', 'timestamp': (0.58, 0.76)}, {'text': 'se', 'timestamp': (0.96, 1.0)}];0,6;0,6;0,84;0,3333333333333333
./audios/SP_DID_250_1292.39217_1294.31045.wav;1292,39217;1294,31045;então no caso da concordata;então no caso da concordata;1,9182799999998679;então no caso da concordata;;[{'text': 'então', 'timestamp': (0.08, 0.32)}, {'text': 'no', 'timestamp': (0.46, 0.52)}, {'text': 'caso', 'timestamp': (0.64, 0.84)}, {'text': 'da', 'timestamp': (0.92, 0.98)}, {'text': 'concordata', 'timestamp': (1.06, 1.78)}];0,0;0,0;0,0;0,0
./audios/SP_DID_250_1294.94719_1295.62569.wav;1294,94719;1295,62569;a lei;a lei;0,6784999999999854;alei;;[{'text': 'alei', 'timestamp': (1.06, 1.48)}];1,0;1,0;1,0;0,2
./audios/SP_DID_250_1296.16949_1297.56301.wav;1296,16949;1297,56301;o código comercial;o código comercial;1,3935200000000805;o código comercial;;[{'text': 'o', 'timestamp': (0.06, 0.08)}, {'text': 'código', 'timestamp': (0.22, 0.54)}, {'text': 'comercial', 'timestamp': (0.64, 1.2)}];0,0;0,0;0,0;0,0
./audios/SP_DID_250_1298.12668_1298.6747.wav;1298,12668;1298,6747;PREVÊ;prevê;0,5480199999999513;prevê;;[{'text': 'prevê', 'timestamp': (1.0, 1.28)}];0,0;0,0;0,0;0,0
./audios/SP_DID_250_1299.20183_1300.11519.wav;1299,20183;1300,11519;as garantias;as garantias;0,9133600000000115;as garantias;;[{'text': 'as', 'timestamp': (1.08, 1.16)}, {'text': 'garantias', 'timestamp': (1.24, 1.86)}];0,0;0,0;0,0;0,0
./audios/SP_DID_250_1300.67364_1301.01811.wav;1300,67364;1301,01811;aos;aos;0,34447000000000116;pau;;[{'text': 'pau', 'timestamp': (0.98, 1.16)}];1,0;1,0;1,0;1,0
./audios/SP_DID_250_1301.88028_1302.44395.wav;1301,88028;1302,44395;aos;aos;0,5636700000000019;au;;[{'text': 'au', 'timestamp': (1.06, 1.28)}];1,0;1,0;1,0;0,6666666666666666
./audios/SP_DID_250_1303.29468_1303.97839.wav;1303,29468;1303,97839;credores;credores;0,6837100000000191;credores;;[{'text': 'credores', 'timestamp': (1.0, 1.64)}];0,0;0,0;0,0;0,0
./audios/SP_DID_250_1306.60203_1307.34316.wav;1306,60203;1307,34316;da fábrica;da fábrica;0,7411299999998846;da fábrica;;[{'text': 'da', 'timestamp': (1.06, 1.12)}, {'text': 'fábrica', 'timestamp': (1.22, 1.64)}];0,0;0,0;0,0;0,0
./audios/SP_DID_250_1309.42483_1309.81557.wav;1309,42483;1309,81557;E::;e;0,3907400000000507;e;;[{'text': 'e', 'timestamp': (1.06, 1.08)}];0,0;0,0;0,0;0,0
./audios/SP_DID_250_1310.1846_1313.44512.wav;1310,1846;1313,44512; o código comercial estabelece toda uma escala de preferências;o código comercial estabelece toda uma escala de preferências;3,2605200000000423;o código comercial estabelece toda uma escala de preferência;;[{'text': 'o', 'timestamp': (0.08, 0.1)}, {'text': 'código', 'timestamp': (0.18, 0.36)}, {'text': 'comercial', 'timestamp': (0.42, 0.78)}, {'text': 'estabelece', 'timestamp': (0.88, 1.32)}, {'text': 'toda', 'timestamp': (1.42, 1.58)}, {'text': 'uma', 'timestamp': (1.66, 1.74)}, {'text': 'escala', 'timestamp': (1.82, 2.24)}, {'text': 'de', 'timestamp': (2.38, 2.42)}, {'text': 'preferência', 'timestamp': (2.58, 3.2)}];0,1111111111111111;0,1111111111111111;0,2098765432098766;0,01639344262295082
./audios/SP_DID_250_1315.41268_1317.94582.wav;1315,41268;1317,94582;quais os credores preferenciais os quirografários;quais os credores preferenciais os quirografários;2,533140000000003;quais os credores preferenciais os quirografários;;[{'text': 'quais', 'timestamp': (0.0, 0.18)}, {'text': 'os', 'timestamp': (0.28, 0.34)}, {'text': 'credores', 'timestamp': (0.38, 0.76)}, {'text': 'preferenciais', 'timestamp': (0.86, 1.6)}, {'text': 'os', 'timestamp': (1.72, 1.76)}, {'text': 'quirografários', 'timestamp': (1.86, 2.5)}];0,0;0,0;0,0;0,0
./audios/SP_DID_250_1317.94582_1318.36379.wav;1317,94582;1318,36379;por exemplo;por exemplo;0,4179700000001958;por exemplo a;;[{'text': 'por', 'timestamp': (1.08, 1.14)}, {'text': 'exemplo', 'timestamp': (1.18, 1.36)}, {'text': 'a', 'timestamp': (1.38, 1.4)}];0,5;0,3333333333333333;0,33333333333333337;0,18181818181818182
./audios/SP_DID_250_1318.36379_1319.50609.wav;1318,36379;1319,50609;aqueles que têm título;aqueles que têm título;1,1422999999999774;aqueles que têm título;;[{'text': 'aqueles', 'timestamp': (0.04, 0.24)}, {'text': 'que', 'timestamp': (0.28, 0.36)}, {'text': 'têm', 'timestamp': (0.42, 0.52)}, {'text': 'título', 'timestamp': (0.66, 1.02)}];0,0;0,0;0,0;0,0
./audios/SP_DID_250_1320.02836_1321.3736.wav;1320,02836;1321,3736;que representam dívida;que representam dívida;1,345239999999876;que representam dívida;;[{'text': 'que', 'timestamp': (0.02, 0.08)}, {'text': 'representam', 'timestamp': (0.16, 0.74)}, {'text': 'dívida', 'timestamp': (0.88, 1.24)}];0,0;0,0;0,0;0,0
./audios/SP_DID_250_1321.86421_1323.24212.wav;1321,86421;1323,24212;que a fábrica deve pagar;que a fábrica deve pagar;1,3779100000001563;a fábrica deve pagar;;[{'text': 'a', 'timestamp': (0.08, 0.12)}, {'text': 'fábrica', 'timestamp': (0.2, 0.54)}, {'text': 'deve', 'timestamp': (0.64, 0.8)}, {'text': 'pagar', 'timestamp': (0.9, 1.24)}];0,2;0,2;0,19999999999999996;0,16666666666666666
./audios/SP_DID_250_1323.53226_1324.30775.wav;1323,53226;1324,30775;e assim por diante;e assim por diante;0,7754899999999907;e assim por diante;;[{'text': 'e', 'timestamp': (1.04, 1.08)}, {'text': 'assim', 'timestamp': (1.12, 1.3)}, {'text': 'por', 'timestamp': (1.38, 1.48)}, {'text': 'diante', 'timestamp': (1.54, 1.76)}];0,0;0,0;0,0;0,0
./audios/SP_DID_250_1325.136_1326.84255.wav;1325,136;1326,84255;ela tem que solver aos seus compromissos;ela tem que solver aos seus compromissos;1,7065500000001066;ela tem que solver os seus compromissos;;[{'text': 'ela', 'timestamp': (0.04, 0.12)}, {'text': 'tem', 'timestamp': (0.18, 0.26)}, {'text': 'que', 'timestamp': (0.3, 0.36)}, {'text': 'solver', 'timestamp': (0.4, 0.66)}, {'text': 'os', 'timestamp': (0.7, 0.74)}, {'text': 'seus', 'timestamp': (0.78, 0.9)}, {'text': 'compromissos', 'timestamp': (0.96, 1.58)}];0,14285714285714285;0,14285714285714285;0,26530612244897966;0,025
./audios/SP_DID_250_1329.23075_1330.01679.wav;1329,23075;1330,01679;ou então;ou então;0,7860399999999572;ou então;;[{'text': 'ou', 'timestamp': (1.08, 1.18)}, {'text': 'então', 'timestamp': (1.3, 1.58)}];0,0;0,0;0,0;0,0
./audios/SP_DID_250_1331.69438_1332.93616.wav;1331,69438;1332,93616;ela pede concordata;ela pede concordata;1,2417800000000625;ela pede concordata;;[{'text': 'ela', 'timestamp': (0.06, 0.18)}, {'text': 'pede', 'timestamp': (0.3, 0.48)}, {'text': 'concordata', 'timestamp': (0.58, 1.18)}];0,0;0,0;0,0;0,0
./audios/SP_DID_250_1332.93616_1333.47425.wav;1332,93616;1333,47425;quer dizer;quer dizer;0,5380900000000111;quer ser;;[{'text': 'quer', 'timestamp': (1.08, 1.2)}, {'text': 'ser', 'timestamp': (1.3, 1.44)}];0,5;0,5;0,75;0,3
./audios/SP_DID_250_1333.47425_1334.29695.wav;1333,47425;1334,29695;um prazo;um prazo;0,8226999999999407;um prazo;;[{'text': 'um', 'timestamp': (1.06, 1.12)}, {'text': 'prazo', 'timestamp': (1.24, 1.64)}];0,0;0,0;0,0;0,0
./audios/SP_DID_250_1335.05661_1337.67424.wav;1335,05661;1337,67424;com as garantias exigidas por lei para efetuar;com as garantias exigidas por lei para efetuar;2,617629999999963;com as garantias os vídeos por lei para efetuar;;[{'text': 'com', 'timestamp': (0.02, 0.1)}, {'text': 'as', 'timestamp': (0.18, 0.22)}, {'text': 'garantias', 'timestamp': (0.3, 0.78)}, {'text': 'os', 'timestamp': (0.88, 0.94)}, {'text': 'vídeos', 'timestamp': (1.04, 1.32)}, {'text': 'por', 'timestamp': (1.38, 1.48)}, {'text': 'lei', 'timestamp': (1.54, 1.68)}, {'text': 'para', 'timestamp': (1.8, 1.92)}, {'text': 'efetuar', 'timestamp': (1.98, 2.52)}];0,25;0,2222222222222222;0,3194444444444444;0,15217391304347827
./audios/SP_DID_250_1338.16486_1339.58395.wav;1338,16486;1339,58395; o pagamento dos seus débitos;o pagamento dos seus débitos;1,4190899999998692;o pagamento dos seus débitos;;[{'text': 'o', 'timestamp': (0.04, 0.08)}, {'text': 'pagamento', 'timestamp': (0.14, 0.6)}, {'text': 'dos', 'timestamp': (0.7, 0.78)}, {'text': 'seus', 'timestamp': (0.86, 1.0)}, {'text': 'débitos', 'timestamp': (1.08, 1.38)}];0,0;0,0;0,0;0,0
./audios/SP_DID_250_1340.22857_1340.50425.wav;1340,22857;1340,50425;quer dizer;quer dizer;0,27567999999996573;se der;;[{'text': 'se', 'timestamp': (1.0, 1.06)}, {'text': 'der', 'timestamp': (1.14, 1.28)}];1,0;1,0;1,0;0,5
./audios/SP_DID_250_1340.50425_1341.34169.wav;1340,50425;1341,34169;das suas dívidas;das suas dívidas;0,8374400000000151;das suas dívidas;;[{'text': 'das', 'timestamp': (1.04, 1.14)}, {'text': 'suas', 'timestamp': (1.2, 1.38)}, {'text': 'dívidas', 'timestamp': (1.46, 1.8)}];0,0;0,0;0,0;0,0
./audios/SP_DID_250_1341.88506_1344.37608.wav;1341,88506;1344,37608;ou então... se não puder fazer isso ela vai à falência;ou então se não puder fazer isso ela vai à falência;2,491019999999935;ou então se não puder fazer isso ela vai a falência;;[{'text': 'ou', 'timestamp': (0.08, 0.14)}, {'text': 'então', 'timestamp': (0.22, 0.46)}, {'text': 'se', 'timestamp': (0.58, 0.64)}, {'text': 'não', 'timestamp': (0.68, 0.76)}, {'text': 'puder', 'timestamp': (0.84, 1.04)}, {'text': 'fazer', 'timestamp': (1.14, 1.36)}, {'text': 'isso', 'timestamp': (1.44, 1.58)}, {'text': 'ela', 'timestamp': (1.66, 1.72)}, {'text': 'vai', 'timestamp': (1.78, 1.88)}, {'text': 'a', 'timestamp': (1.92, 1.94)}, {'text': 'falência', 'timestamp': (2.02, 2.44)}];0,09090909090909091;0,09090909090909091;0,17355371900826455;0,0196078431372549
./audios/SP_DID_250_1344.47104_1345.14629.wav;1344,47104;1345,14629;pura e simplesmente;pura e simplesmente;0,6752500000000055;pura e simplesmente;;[{'text': 'pura', 'timestamp': (1.0, 1.14)}, {'text': 'e', 'timestamp': (1.18, 1.2)}, {'text': 'simplesmente', 'timestamp': (1.26, 1.72)}];0,0;0,0;0,0;0,0
./audios/SP_DID_250_1346.29634_1346.88231.wav;1346,29634;1346,88231;aí::;aí;0,5859699999998611;aí;;[{'text': 'aí', 'timestamp': (1.06, 1.24)}];0,0;0,0;0,0;0,0
./audios/SP_DID_250_1347.07441_1348.5517.wav;1347,07441;1348,5517;uma porção de gente tem prejuízo;uma porção de gente tem prejuízo;1,477290000000039;uma pulsão de jeito tem prejuízo;;[{'text': 'uma', 'timestamp': (0.06, 0.14)}, {'text': 'pulsão', 'timestamp': (0.2, 0.44)}, {'text': 'de', 'timestamp': (0.5, 0.56)}, {'text': 'jeito', 'timestamp': (0.62, 0.76)}, {'text': 'tem', 'timestamp': (0.84, 0.94)}, {'text': 'prejuízo', 'timestamp': (1.02, 1.42)}];0,3333333333333333;0,3333333333333333;0,5555555555555556;0,1875
./audios/SP_DID_250_1349.85519_1350.69216.wav;1349,85519;1350,69216;e não só a fábrica;e não só a fábrica;0,8369700000000648;não só a fábrica;;[{'text': 'não', 'timestamp': (1.1, 1.2)}, {'text': 'só', 'timestamp': (1.3, 1.36)}, {'text': 'a', 'timestamp': (1.46, 1.48)}, {'text': 'fábrica', 'timestamp': (1.56, 1.9)}];0,2;0,2;0,19999999999999996;0,1111111111111111
./audios/SP_DID_250_1367.42611_1367.62914.wav;1367,42611;1367,62914;bem;bem;0,2030299999998988;bem;;[{'text': 'bem', 'timestamp': (1.02, 1.14)}];0,0;0,0;0,0;0,0
./audios/SP_DID_250_1367.76173_1369.5061.wav;1367,76173;1369,5061; o pagamento à vista;o pagamento à vista;1,7443700000001172;o pagamento à vista;;[{'text': 'o', 'timestamp': (0.08, 0.1)}, {'text': 'pagamento', 'timestamp': (0.2, 0.74)}, {'text': 'à', 'timestamp': (0.98, 1.0)}, {'text': 'vista', 'timestamp': (1.16, 1.56)}];0,0;0,0;0,0;0,0
./audios/SP_DID_250_1370.11104_1370.78721.wav;1370,11104;1370,78721;exclui;exclui;0,6761699999999564;exclui;;[{'text': 'exclui', 'timestamp': (1.08, 1.5)}];0,0;0,0;0,0;0,0
./audios/SP_DID_250_1371.34242_1372.51915.wav;1371,34242;1372,51915;o pagamento de juros;o pagamento de juros;1,1767300000001342;o pagamento de juro;;[{'text': 'o', 'timestamp': (0.06, 0.08)}, {'text': 'pagamento', 'timestamp': (0.16, 0.6)}, {'text': 'de', 'timestamp': (0.7, 0.76)}, {'text': 'juro', 'timestamp': (0.88, 1.1)}];0,25;0,25;0,4375;0,05
./audios/SP_DID_250_1374.05221_1375.27945.wav;1374,05221;1375,27945;o que encarece;o que encarece;1,227239999999938;o que encarece;;[{'text': 'o', 'timestamp': (0.14, 0.16)}, {'text': 'que', 'timestamp': (0.26, 0.32)}, {'text': 'encarece', 'timestamp': (0.46, 1.04)}];0,0;0,0;0,0;0,0
./audios/SP_DID_250_1377.0404_1378.06461.wav;1377,0404;1378,06461; a:::;a;1,0242099999998118;a;;[{'text': 'a', 'timestamp': (0.08, 0.1)}];0,0;0,0;0,0;0,0
./audios/SP_DID_250_1378.36294_1379.76341.wav;1378,36294;1379,76341;as transações a prazo;as transações a prazo;1,4004700000000412;as transações a prazo;;[{'text': 'as', 'timestamp': (0.08, 0.14)}, {'text': 'transações', 'timestamp': (0.22, 0.74)}, {'text': 'a', 'timestamp': (0.8, 0.82)}, {'text': 'prazo', 'timestamp': (0.94, 1.26)}];0,0;0,0;0,0;0,0
./audios/SP_DID_250_1380.8987_1381.15793.wav;1380,8987;1381,15793;quer dizer;quer dizer;0,259230000000116;toda;;[{'text': 'toda', 'timestamp': (1.0, 1.24)}];1,0;1,0;1,0;0,9
./audios/SP_DID_250_1381.15793_1382.11864.wav;1381,15793;1382,11864;aquelas em que;aquelas em que;0,9607099999998354;aquelas em que;;[{'text': 'aquelas', 'timestamp': (1.02, 1.46)}, {'text': 'em', 'timestamp': (1.54, 1.6)}, {'text': 'que', 'timestamp': (1.7, 1.76)}];0,0;0,0;0,0;0,0
./audios/SP_DID_250_1382.78573_1384.31879.wav;1382,78573;1384,31879; uma parte do pagamento;uma parte do pagamento;1,5330599999999777;uma parte do pagamento;;[{'text': 'uma', 'timestamp': (0.1, 0.2)}, {'text': 'parte', 'timestamp': (0.4, 0.76)}, {'text': 'do', 'timestamp': (0.94, 1.0)}, {'text': 'pagamento', 'timestamp': (1.08, 1.48)}];0,0;0,0;0,0;0,0
./audios/SP_DID_250_1386.36307_1386.98458.wav;1386,36307;1386,98458;fica::;fica;0,6215099999999438;fica;;[{'text': 'fica', 'timestamp': (1.0, 1.32)}];0,0;0,0;0,0;0,0
./audios/SP_DID_250_1387.24561_1389.23208.wav;1387,24561;1389,23208; para ser satisfeito durante;para ser satisfeito durante;1,986470000000054;para ser satisfeito durante;;[{'text': 'para', 'timestamp': (0.02, 0.16)}, {'text': 'ser', 'timestamp': (0.28, 0.4)}, {'text': 'satisfeito', 'timestamp': (0.52, 1.02)}, {'text': 'durante', 'timestamp': (1.16, 1.52)}];0,0;0,0;0,0;0,0
./audios/SP_DID_250_1390.29279_1391.17948.wav;1390,29279;1391,17948;um certo período;um certo período;0,8866900000000442;um certo período;;[{'text': 'um', 'timestamp': (1.06, 1.12)}, {'text': 'certo', 'timestamp': (1.22, 1.46)}, {'text': 'período', 'timestamp': (1.56, 1.86)}];0,0;0,0;0,0;0,0
./audios/SP_DID_250_1392.26585_1392.70919.wav;1392,26585;1392,70919;então;então;0,4433400000000347;então;;[{'text': 'então', 'timestamp': (1.04, 1.32)}];0,0;0,0;0,0;0,0
./audios/SP_DID_250_1394.55756_1396.64997.wav;1394,55756;1396,64997;a compensação que o credor tem;a compensação que o credor tem;2,0924099999999726;a compensação que o credor tem;;[{'text': 'a', 'timestamp': (0.08, 0.1)}, {'text': 'compensação', 'timestamp': (0.22, 0.98)}, {'text': 'que', 'timestamp': (1.16, 1.22)}, {'text': 'o', 'timestamp': (1.26, 1.28)}, {'text': 'credor', 'timestamp': (1.34, 1.68)}, {'text': 'tem', 'timestamp': (1.86, 1.98)}];0,0;0,0;0,0;0,0
./audios/SP_DID_250_1397.45873_1398.0471.wav;1397,45873;1398,0471;é essa;é essa;0,5883699999999408;é essa;;[{'text': 'é', 'timestamp': (1.04, 1.06)}, {'text': 'essa', 'timestamp': (1.18, 1.46)}];0,0;0,0;0,0;0,0
./audios/SP_DID_250_1398.18383_1399.01251.wav;1398,18383;1399,01251;de receber;de receber;0,8286800000000767;vira seu dor;;[{'text': 'vira', 'timestamp': (1.04, 1.24)}, {'text': 'seu', 'timestamp': (1.36, 1.48)}, {'text': 'dor', 'timestamp': (1.58, 1.72)}];1,5;1,0;1,0;0,9
./audios/SP_DID_250_1399.56773_1400.13123.wav;1399,56773;1400,13123;os juros;os juros;0,5634999999999764;juros;;[{'text': 'juros', 'timestamp': (1.14, 1.5)}];0,5;0,5;0,5;0,375
./audios/SP_DID_250_1401.01792_1401.4662.wav;1401,01792;1401,4662;não é?;não é;0,44828000000006796;não é;;[{'text': 'não', 'timestamp': (1.18, 1.26)}, {'text': 'é', 'timestamp': (1.3, 1.32)}];0,0;0,0;0,0;0,0
./audios/SP_DID_250_1402.39847_1403.34731.wav;1402,39847;1403,34731;sobre aquilo;sobre aquilo;0,9488400000000183;sobre aquilo;;[{'text': 'sobre', 'timestamp': (1.1, 1.3)}, {'text': 'aquilo', 'timestamp': (1.38, 1.76)}];0,0;0,0;0,0;0,0
./audios/SP_DID_250_1403.62077_1405.34937.wav;1403,62077;1405,34937;a importância que ele ficou devendo;a importância que ele ficou devendo;1,7285999999999149;a importância que ele ficou devendo;;[{'text': 'a', 'timestamp': (0.04, 0.06)}, {'text': 'importância', 'timestamp': (0.12, 0.74)}, {'text': 'que', 'timestamp': (0.88, 0.94)}, {'text': 'ele', 'timestamp': (0.96, 1.04)}, {'text': 'ficou', 'timestamp': (1.12, 1.3)}, {'text': 'devendo', 'timestamp': (1.38, 1.68)}];0,0;0,0;0,0;0,0
./audios/SP_DID_250_1406.70012_1408.58122.wav;1406,70012;1408,58122;e esses juros é que encarecem;e esses juros é que encarecem;1,8811000000000604;e esse juros é que encarocem;;[{'text': 'e', 'timestamp': (0.18, 0.2)}, {'text': 'esse', 'timestamp': (0.32, 0.48)}, {'text': 'juros', 'timestamp': (0.62, 0.84)}, {'text': 'é', 'timestamp': (0.92, 0.94)}, {'text': 'que', 'timestamp': (1.02, 1.1)}, {'text': 'encarocem', 'timestamp': (1.18, 1.78)}];0,3333333333333333;0,3333333333333333;0,5555555555555556;0,06896551724137931
./audios/SP_DID_250_1409.40655_1410.50456.wav;1409,40655;1410,50456;e encarecem;e encarecem;1,0980100000001585;e encareça um;;[{'text': 'e', 'timestamp': (0.1, 0.14)}, {'text': 'encareça', 'timestamp': (0.18, 0.68)}, {'text': 'um', 'timestamp': (0.78, 0.82)}];1,0;0,6666666666666666;0,8333333333333334;0,36363636363636365
./audios/SP_DID_250_1411.22551_1412.27793.wav;1411,22551;1412,27793;DESmedidamente;desmedidamente;1,0524199999999837;desmedidamente;;[{'text': 'desmedidamente', 'timestamp': (0.04, 0.98)}];0,0;0,0;0,0;0,0
./audios/SP_DID_250_1413.51504_1413.97082.wav;1413,51504;1413,97082;as;as;0,4557800000000043;a;;[{'text': 'a', 'timestamp': (1.06, 1.08)}];1,0;1,0;1,0;0,5
./audios/SP_DID_250_1415.03232_1415.81957.wav;1415,03232;1415,81957;a::s;as;0,7872500000000855;a;;[{'text': 'a', 'timestamp': (1.06, 1.08)}];1,0;1,0;1,0;0,5
./audios/SP_DID_250_1416.34164_1416.67725.wav;1416,34164;1416,67725;compras;compras;0,3356099999998605;compra;;[{'text': 'compra', 'timestamp': (1.02, 1.28)}];1,0;1,0;1,0;0,14285714285714285
./audios/SP_DID_250_1418.59852_1419.1123.wav;1418,59852;1419,1123; não é?;não é;0,513779999999997;não há;;[{'text': 'não', 'timestamp': (0.98, 1.06)}, {'text': 'há', 'timestamp': (1.1, 1.14)}];0,5;0,5;0,75;0,4
./audios/SP_DID_250_1419.64266_1420.59564.wav;1419,64266;1420,59564;pagando à vista;pagando à vista;0,952980000000025;pagando a vista;;[{'text': 'pagando', 'timestamp': (1.02, 1.34)}, {'text': 'a', 'timestamp': (1.42, 1.44)}, {'text': 'vista', 'timestamp': (1.52, 1.86)}];0,3333333333333333;0,3333333333333333;0,5555555555555556;0,06666666666666667
./audios/SP_DID_250_1421.63978_1422.53475.wav;1421,63978;1422,53475;a pessoa;a pessoa;0,8949700000000576;a pessoa;;[{'text': 'a', 'timestamp': (1.04, 1.06)}, {'text': 'pessoa', 'timestamp': (1.16, 1.68)}];0,0;0,0;0,0;0,0
./audios/SP_DID_250_1423.36343_1424.68168.wav;1423,36343;1424,68168; fica livre dos juros;fica livre dos juros;1,3182499999998072;fica livre de juros;;[{'text': 'fica', 'timestamp': (0.04, 0.2)}, {'text': 'livre', 'timestamp': (0.34, 0.58)}, {'text': 'de', 'timestamp': (0.66, 0.74)}, {'text': 'juros', 'timestamp': (0.86, 1.14)}];0,25;0,25;0,4375;0,1
./audios/SP_DID_250_1425.51131_1426.19082.wav;1425,51131;1426,19082;mas há;mas há;0,6795099999999366;mas a;;[{'text': 'mas', 'timestamp': (1.04, 1.26)}, {'text': 'a', 'timestamp': (1.36, 1.38)}];0,5;0,5;0,75;0,3333333333333333
./audios/SP_DID_250_1427.01122_1428.17137.wav;1427,01122;1428,17137;os bons compradores;os bons compradores;1,1601499999999305;os bons compradores;;[{'text': 'os', 'timestamp': (0.08, 0.14)}, {'text': 'bons', 'timestamp': (0.26, 0.44)}, {'text': 'compradores', 'timestamp': (0.52, 1.1)}];0,0;0,0;0,0;0,0
./audios/SP_DID_250_1428.34539_1428.57829.wav;1428,34539;1428,57829;quer dizer ;quer dizer;0,23289999999997235;casa;;[{'text': 'casa', 'timestamp': (0.98, 1.22)}];1,0;1,0;1,0;1,0
./audios/SP_DID_250_1428.57829_1429.80387.wav;1428,57829;1429,80387;aqueles que sabem comprar;aqueles que sabem comprar;1,2255800000000363;aqueles que sabem comprar;;[{'text': 'aqueles', 'timestamp': (0.08, 0.3)}, {'text': 'que', 'timestamp': (0.34, 0.42)}, {'text': 'sabem', 'timestamp': (0.48, 0.7)}, {'text': 'comprar', 'timestamp': (0.78, 1.12)}];0,0;0,0;0,0;0,0
./audios/SP_DID_250_1430.61598_1431.7347.wav;1430,61598;1431,7347;que ainda discutem;que ainda discutem;1,1187199999999393;ela nunca discutem;;[{'text': 'ela', 'timestamp': (0.08, 0.14)}, {'text': 'nunca', 'timestamp': (0.18, 0.32)}, {'text': 'discutem', 'timestamp': (0.44, 0.96)}];0,6666666666666666;0,6666666666666666;0,8888888888888888;0,3333333333333333
./audios/SP_DID_250_1432.61469_1435.85483.wav;1432,61469;1435,85483;coisa que eu por exemplo não sei fazer muito bem infelizmente para mim;coisa que eu por exemplo não sei fazer muito bem infelizmente para mim;3,240139999999883;coisa que eu por exemplo não sei fazer muito bem infelizmente pra mim;;[{'text': 'coisa', 'timestamp': (0.04, 0.18)}, {'text': 'que', 'timestamp': (0.3, 0.36)}, {'text': 'eu', 'timestamp': (0.38, 0.44)}, {'text': 'por', 'timestamp': (0.52, 0.6)}, {'text': 'exemplo', 'timestamp': (0.64, 0.9)}, {'text': 'não', 'timestamp': (1.0, 1.1)}, {'text': 'sei', 'timestamp': (1.2, 1.34)}, {'text': 'fazer', 'timestamp': (1.46, 1.7)}, {'text': 'muito', 'timestamp': (1.78, 1.92)}, {'text': 'bem', 'timestamp': (2.02, 2.14)}, {'text': 'infelizmente', 'timestamp': (2.26, 2.8)}, {'text': 'pra', 'timestamp': (2.9, 3.0)}, {'text': 'mim', 'timestamp': (3.04, 3.12)}];0,07692307692307693;0,07692307692307693;0,1479289940828401;0,014285714285714285
./audios/SP_DID_250_1436.67523_1438.93083.wav;1436,67523;1438,93083;ainda discutem di/ ''muito bem vou pagar à vista;ainda discutem di muito bem vou pagar à vista;2,2555999999999585;ainda discutem muito bem eu vou pagar a vista;;[{'text': 'ainda', 'timestamp': (0.04, 0.24)}, {'text': 'discutem', 'timestamp': (0.36, 0.8)}, {'text': 'muito', 'timestamp': (0.94, 1.18)}, {'text': 'bem', 'timestamp': (1.26, 1.34)}, {'text': 'eu', 'timestamp': (1.36, 1.42)}, {'text': 'vou', 'timestamp': (1.46, 1.54)}, {'text': 'pagar', 'timestamp': (1.6, 1.76)}, {'text': 'a', 'timestamp': (1.82, 1.84)}, {'text': 'vista', 'timestamp': (1.88, 2.16)}];0,3333333333333333;0,3;0,3950617283950617;0,15555555555555556
./audios/SP_DID_250_1439.05513_1440.43074.wav;1439,05513;1440,43074;qual é a diferença que o senhor me faz?'';qual é a diferença que o senhor me faz;1,3756100000000515;qual é a diferença que eu sou meu pai;;[{'text': 'qual', 'timestamp': (0.04, 0.16)}, {'text': 'é', 'timestamp': (0.2, 0.22)}, {'text': 'a', 'timestamp': (0.3, 0.32)}, {'text': 'diferença', 'timestamp': (0.34, 0.72)}, {'text': 'que', 'timestamp': (0.82, 0.88)}, {'text': 'eu', 'timestamp': (0.9, 0.94)}, {'text': 'sou', 'timestamp': (0.98, 1.1)}, {'text': 'meu', 'timestamp': (1.12, 1.2)}, {'text': 'pai', 'timestamp': (1.24, 1.32)}];0,4444444444444444;0,4444444444444444;0,691358024691358;0,23684210526315788
./audios/SP_DID_250_1440.81193_1444.15152.wav;1440,81193;1444,15152;''como a diferença? o senhor não vai pagar juros?'' ''não não não não não o juro é outra coisa;como a diferença o senhor não vai pagar juros não não não não não o juro é outra coisa;3,3395899999998164;uma diferença o se ou não vai pra gajun jura outra coisa;;[{'text': 'uma', 'timestamp': (0.04, 0.18)}, {'text': 'diferença', 'timestamp': (0.24, 0.68)}, {'text': 'o', 'timestamp': (0.7, 0.76)}, {'text': 'se', 'timestamp': (0.78, 0.84)}, {'text': 'ou', 'timestamp': (0.88, 0.92)}, {'text': 'não', 'timestamp': (0.94, 1.02)}, {'text': 'vai', 'timestamp': (1.06, 1.12)}, {'text': 'pra', 'timestamp': (1.16, 1.24)}, {'text': 'gajun', 'timestamp': (1.3, 2.3)}, {'text': 'jura', 'timestamp': (2.5, 2.64)}, {'text': 'outra', 'timestamp': (2.72, 2.88)}, {'text': 'coisa', 'timestamp': (2.96, 3.24)}];0,7368421052631579;0,7;0,8421052631578947;0,4418604651162791
./audios/SP_DID_250_1445.81716_1447.22751.wav;1445,81716;1447,22751;juro a gente paga por dívida;juro a gente paga por dívida;1,4103499999998803;juro a gente passa por dívida;;[{'text': 'juro', 'timestamp': (0.08, 0.24)}, {'text': 'a', 'timestamp': (0.28, 0.3)}, {'text': 'gente', 'timestamp': (0.36, 0.5)}, {'text': 'passa', 'timestamp': (0.58, 0.74)}, {'text': 'por', 'timestamp': (0.84, 0.92)}, {'text': 'dívida', 'timestamp': (1.0, 1.32)}];0,16666666666666666;0,16666666666666666;0,30555555555555547;0,07142857142857142
./audios/SP_DID_250_1447.76616_1449.57268.wav;1447,76616;1449,57268;eu não estou devendo eu vou pagar à vista'';eu não estou devendo eu vou pagar à vista;1,8065200000000914;eu não estou devendo eu vou pagar a vista;;[{'text': 'eu', 'timestamp': (0.06, 0.12)}, {'text': 'não', 'timestamp': (0.14, 0.22)}, {'text': 'estou', 'timestamp': (0.24, 0.4)}, {'text': 'devendo', 'timestamp': (0.46, 0.76)}, {'text': 'eu', 'timestamp': (0.82, 0.92)}, {'text': 'vou', 'timestamp': (0.94, 1.02)}, {'text': 'pagar', 'timestamp': (1.08, 1.28)}, {'text': 'a', 'timestamp': (1.34, 1.36)}, {'text': 'vista', 'timestamp': (1.42, 1.72)}];0,1111111111111111;0,1111111111111111;0,2098765432098766;0,024390243902439025
./audios/SP_DID_250_1450.59196_1451.28397.wav;1450,59196;1451,28397;eu quero;eu quero;0,692009999999982;eu quero;;[{'text': 'eu', 'timestamp': (1.06, 1.12)}, {'text': 'quero', 'timestamp': (1.24, 1.56)}];0,0;0,0;0,0;0,0
./audios/SP_DID_250_1451.5395_1454.84626.wav;1451,5395;1454,84626;uma diferença sobre o preço que está marcado aí quanto é que custa;uma diferença sobre o preço que está marcado aí quanto é que custa;3,30675999999994;uma diferença sobre o preço que está marcado quanto é que custa;;[{'text': 'uma', 'timestamp': (0.08, 0.26)}, {'text': 'diferença', 'timestamp': (0.38, 0.86)}, {'text': 'sobre', 'timestamp': (0.98, 1.18)}, {'text': 'o', 'timestamp': (1.2, 1.22)}, {'text': 'preço', 'timestamp': (1.32, 1.52)}, {'text': 'que', 'timestamp': (1.56, 1.62)}, {'text': 'está', 'timestamp': (1.64, 1.78)}, {'text': 'marcado', 'timestamp': (1.82, 2.14)}, {'text': 'quanto', 'timestamp': (2.36, 2.56)}, {'text': 'é', 'timestamp': (2.58, 2.6)}, {'text': 'que', 'timestamp': (2.68, 2.76)}, {'text': 'custa', 'timestamp': (2.88, 3.18)}];0,07692307692307693;0,07692307692307693;0,07692307692307687;0,045454545454545456
./audios/SP_DID_250_1455.207_1456.16396.wav;1455,207;1456,16396; esse gravador aí?'';esse gravador aí;0,9569599999999809;es gravador aí;;[{'text': 'es', 'timestamp': (1.06, 1.16)}, {'text': 'gravador', 'timestamp': (1.22, 1.64)}, {'text': 'aí', 'timestamp': (1.7, 1.78)}];0,3333333333333333;0,3333333333333333;0,5555555555555556;0,125
./audios/SP_DID_250_1456.78118_1457.3774.wav;1456,78118;1457,3774;''um milhão'';um milhão;0,5962200000001303;u milhão;;[{'text': 'u', 'timestamp': (1.06, 1.08)}, {'text': 'milhão', 'timestamp': (1.14, 1.46)}];0,5;0,5;0,75;0,1111111111111111
./audios/SP_DID_250_1457.65797_1459.41657.wav;1457,65797;1459,41657;''quanto é que o senhor me dá por um milhão à vista?;quanto é que o senhor me dá por um milhão à vista;1,758600000000115;até que só me dá por um milhão a dia;;[{'text': 'até', 'timestamp': (0.16, 0.22)}, {'text': 'que', 'timestamp': (0.3, 0.42)}, {'text': 'só', 'timestamp': (0.48, 0.54)}, {'text': 'me', 'timestamp': (0.6, 0.66)}, {'text': 'dá', 'timestamp': (0.72, 0.76)}, {'text': 'por', 'timestamp': (0.92, 1.0)}, {'text': 'um', 'timestamp': (1.04, 1.1)}, {'text': 'milhão', 'timestamp': (1.16, 1.4)}, {'text': 'a', 'timestamp': (1.5, 1.52)}, {'text': 'dia', 'timestamp': (1.58, 1.72)}];0,5;0,5;0,7;0,32653061224489793
./audios/SP_DID_250_1459.76228_1460.54388.wav;1459,76228;1460,54388;de diferença?'';de diferença;0,7816000000000258;diferença;;[{'text': 'diferença', 'timestamp': (1.12, 1.66)}];0,5;0,5;0,5;0,25
./audios/SP_DID_250_1462.59403_1463.45079.wav;1462,59403;1463,45079;e às vezes obtém;e às vezes obtém;0,8567600000001221;e às vezes o que tem;;[{'text': 'e', 'timestamp': (1.06, 1.08)}, {'text': 'às', 'timestamp': (1.14, 1.2)}, {'text': 'vezes', 'timestamp': (1.26, 1.42)}, {'text': 'o', 'timestamp': (1.48, 1.5)}, {'text': 'que', 'timestamp': (1.54, 1.6)}, {'text': 'tem', 'timestamp': (1.66, 1.76)}];0,75;0,5;0,625;0,375
./audios/SP_DID_250_1464.99895_1467.04123.wav;1464,99895;1467,04123;tal a premência que eles têm também de vender;tal a premência que eles têm também de vender;2,042280000000119;tal a premessa que eles têm também de vender;;[{'text': 'tal', 'timestamp': (0.04, 0.16)}, {'text': 'a', 'timestamp': (0.22, 0.24)}, {'text': 'premessa', 'timestamp': (0.32, 0.68)}, {'text': 'que', 'timestamp': (0.8, 0.86)}, {'text': 'eles', 'timestamp': (0.9, 1.0)}, {'text': 'têm', 'timestamp': (1.08, 1.2)}, {'text': 'também', 'timestamp': (1.3, 1.58)}, {'text': 'de', 'timestamp': (1.64, 1.7)}, {'text': 'vender', 'timestamp': (1.76, 1.98)}];0,1111111111111111;0,1111111111111111;0,2098765432098766;0,08888888888888889
./audios/SP_DID_250_1467.87794_1468.04667.wav;1467,87794;1468,04667;quer dizer;quer dizer;0,1687299999998686;pega;;[{'text': 'pega', 'timestamp': (1.0, 1.28)}];1,0;1,0;1,0;0,9
./audios/SP_DID_250_1468.04667_1469.17155.wav;1468,04667;1469,17155;''não não é juro não;não não é juro não;1,1248800000000756;não não é juro não;;[{'text': 'não', 'timestamp': (0.06, 0.18)}, {'text': 'não', 'timestamp': (0.26, 0.34)}, {'text': 'é', 'timestamp': (0.38, 0.4)}, {'text': 'juro', 'timestamp': (0.56, 0.82)}, {'text': 'não', 'timestamp': (0.9, 1.02)}];0,0;0,0;0,0;0,0
./audios/SP_DID_250_1469.96317_1472.30296.wav;1469,96317;1472,30296;juro paga quem deve eu não vou dever eu vou lhe pagar à vista;juro paga quem deve eu não vou dever eu vou lhe pagar à vista;2,3397899999999936;juro paga quem deve eu não vou dizer eu vou lhe pagar visto;;[{'text': 'juro', 'timestamp': (0.1, 0.24)}, {'text': 'paga', 'timestamp': (0.36, 0.56)}, {'text': 'quem', 'timestamp': (0.64, 0.74)}, {'text': 'deve', 'timestamp': (0.84, 1.02)}, {'text': 'eu', 'timestamp': (1.04, 1.12)}, {'text': 'não', 'timestamp': (1.14, 1.2)}, {'text': 'vou', 'timestamp': (1.26, 1.32)}, {'text': 'dizer', 'timestamp': (1.38, 1.58)}, {'text': 'eu', 'timestamp': (1.6, 1.66)}, {'text': 'vou', 'timestamp': (1.68, 1.74)}, {'text': 'lhe', 'timestamp': (1.78, 1.86)}, {'text': 'pagar', 'timestamp': (1.9, 2.1)}, {'text': 'visto', 'timestamp': (2.18, 2.3)}];0,21428571428571427;0,21428571428571427;0,3351648351648352;0,08196721311475409
./audios/SP_DID_250_1473.74186_1476.85323.wav;1473,74186;1476,85323;eu quero saber isto aqui está etiquetado um milhão de cruzeiros;eu quero saber isto aqui está etiquetado um milhão de cruzeiros;3,1113699999998516;eu quero saber isto aqui tá etiquetado um milhão de cruzeiro;;[{'text': 'eu', 'timestamp': (0.04, 0.1)}, {'text': 'quero', 'timestamp': (0.14, 0.28)}, {'text': 'saber', 'timestamp': (0.36, 0.54)}, {'text': 'isto', 'timestamp': (0.6, 0.74)}, {'text': 'aqui', 'timestamp': (0.82, 0.92)}, {'text': 'tá', 'timestamp': (1.08, 1.12)}, {'text': 'etiquetado', 'timestamp': (1.22, 1.84)}, {'text': 'um', 'timestamp': (2.12, 2.22)}, {'text': 'milhão', 'timestamp': (2.3, 2.52)}, {'text': 'de', 'timestamp': (2.58, 2.62)}, {'text': 'cruzeiro', 'timestamp': (2.68, 3.06)}];0,18181818181818182;0,18181818181818182;0,3305785123966941;0,047619047619047616
./audios/SP_DID_250_1478.52761_1479.99061.wav;1478,52761;1479,99061;quero saber que diferença o senhor me dá?'';quero saber que diferença o senhor me dá;1,4629999999999654;quero saber o que diferença sumida;;[{'text': 'quero', 'timestamp': (0.04, 0.16)}, {'text': 'saber', 'timestamp': (0.22, 0.38)}, {'text': 'o', 'timestamp': (0.42, 0.44)}, {'text': 'que', 'timestamp': (0.46, 0.54)}, {'text': 'diferença', 'timestamp': (0.58, 0.92)}, {'text': 'sumida', 'timestamp': (1.0, 1.38)}];0,625;0,5555555555555556;0,6666666666666667;0,325
./audios/SP_DID_250_1481.163_1481.9446.wav;1481,163;1481,9446;''ah:: tal;ah tal;0,7816000000000258;então;;[{'text': 'então', 'timestamp': (1.36, 1.66)}];1,0;1,0;1,0;0,8333333333333334
./audios/SP_DID_250_1482.28626_1486.62013.wav;1482,28626;1486,62013;bom:: então:: cinquenta cruzeiros'' ''não não quero tem um outro ali que me dá cem até logo;bom então cinquenta cruzeiros não não quero tem um outro ali que me dá cem até logo;4,3338699999999335;bom um cinquenta cruzeiros não não quero tem um outro ali que me dá aceite logo;;[{'text': 'bom', 'timestamp': (0.06, 0.16)}, {'text': 'um', 'timestamp': (0.68, 0.76)}, {'text': 'cinquenta', 'timestamp': (1.4, 1.72)}, {'text': 'cruzeiros', 'timestamp': (1.8, 2.08)}, {'text': 'não', 'timestamp': (2.12, 2.24)}, {'text': 'não', 'timestamp': (2.32, 2.4)}, {'text': 'quero', 'timestamp': (2.46, 2.68)}, {'text': 'tem', 'timestamp': (2.8, 2.88)}, {'text': 'um', 'timestamp': (2.94, 2.98)}, {'text': 'outro', 'timestamp': (3.02, 3.16)}, {'text': 'ali', 'timestamp': (3.18, 3.28)}, {'text': 'que', 'timestamp': (3.34, 3.4)}, {'text': 'me', 'timestamp': (3.46, 3.5)}, {'text': 'dá', 'timestamp': (3.54, 3.58)}, {'text': 'aceite', 'timestamp': (3.66, 4.06)}, {'text': 'logo', 'timestamp': (4.14, 4.28)}];0,17647058823529413;0,17647058823529413;0,27941176470588236;0,12048192771084337
./audios/SP_DID_250_1487.33756_1488.88572.wav;1487,33756;1488,88572;e às vezes o cara vai atrás para vender;e às vezes o cara vai atrás para vender;1,5481600000000526;e às vezes o cara vai atrás pra vender;;[{'text': 'e', 'timestamp': (0.04, 0.06)}, {'text': 'às', 'timestamp': (0.1, 0.16)}, {'text': 'vezes', 'timestamp': (0.2, 0.34)}, {'text': 'o', 'timestamp': (0.38, 0.42)}, {'text': 'cara', 'timestamp': (0.46, 0.62)}, {'text': 'vai', 'timestamp': (0.68, 0.78)}, {'text': 'atrás', 'timestamp': (0.84, 1.08)}, {'text': 'pra', 'timestamp': (1.12, 1.22)}, {'text': 'vender', 'timestamp': (1.28, 1.5)}];0,1111111111111111;0,1111111111111111;0,2098765432098766;0,02564102564102564
./audios/SP_DID_250_1490.57418_1491.466.wav;1490,57418;1491,466;o homem da loja;o homem da loja;0,8918199999998251;o ano da loja;;[{'text': 'o', 'timestamp': (1.16, 1.18)}, {'text': 'ano', 'timestamp': (1.26, 1.42)}, {'text': 'da', 'timestamp': (1.48, 1.54)}, {'text': 'loja', 'timestamp': (1.62, 1.86)}];0,25;0,25;0,4375;0,3333333333333333
./audios/SP_DID_250_1504.06851_1505.47919.wav;1504,06851;1505,47919;guardar o dinheiro no banco;guardar o dinheiro no banco;1,4106799999999566;guardar dinheiro no banco;;[{'text': 'guardar', 'timestamp': (0.06, 0.46)}, {'text': 'dinheiro', 'timestamp': (0.56, 0.82)}, {'text': 'no', 'timestamp': (0.88, 0.94)}, {'text': 'banco', 'timestamp': (1.02, 1.28)}];0,2;0,2;0,19999999999999996;0,07407407407407407
./audios/SP_DID_250_1506.13232_1507.55342.wav;1506,13232;1507,55342;é a coisa mais fácil;é a coisa mais fácil;1,421100000000024;e a coisa mais fácil;;[{'text': 'e', 'timestamp': (0.04, 0.06)}, {'text': 'a', 'timestamp': (0.14, 0.16)}, {'text': 'coisa', 'timestamp': (0.24, 0.46)}, {'text': 'mais', 'timestamp': (0.58, 0.74)}, {'text': 'fácil', 'timestamp': (0.92, 1.36)}];0,2;0,2;0,3599999999999999;0,05
./audios/SP_DID_250_1508.24962_1509.28691.wav;1508,24962;1509,28691;desde que;desde que;1,0372899999999845;desde que;;[{'text': 'desde', 'timestamp': (0.14, 0.54)}, {'text': 'que', 'timestamp': (0.68, 0.74)}];0,0;0,0;0,0;0,0
./audios/SP_DID_250_1509.66731_1511.60552.wav;1509,66731;1511,60552; se tenha o dinheiro a ser guardado;se tenha o dinheiro a ser guardado;1,9382100000000264;se tenha o dinheiro a ser guardado;;[{'text': 'se', 'timestamp': (0.0, 0.1)}, {'text': 'tenha', 'timestamp': (0.28, 0.58)}, {'text': 'o', 'timestamp': (0.68, 0.7)}, {'text': 'dinheiro', 'timestamp': (0.8, 1.16)}, {'text': 'a', 'timestamp': (1.22, 1.24)}, {'text': 'ser', 'timestamp': (1.34, 1.44)}, {'text': 'guardado', 'timestamp': (1.52, 1.88)}];0,0;0,0;0,0;0,0
./audios/SP_DID_250_1514.1316_1514.52635.wav;1514,1316;1514,52635;claro;claro;0,39475000000015825;claro;;[{'text': 'claro', 'timestamp': (1.04, 1.34)}];0,0;0,0;0,0;0,0
./audios/SP_DID_250_1514.65725_1515.63883.wav;1514,65725;1515,63883;se houver sobra;se houver sobra;0,9815800000001218;se houver sobra;;[{'text': 'se', 'timestamp': (1.02, 1.06)}, {'text': 'houver', 'timestamp': (1.1, 1.36)}, {'text': 'sobra', 'timestamp': (1.52, 1.88)}];0,0;0,0;0,0;0,0
./audios/SP_DID_250_1515.95463_1517.09582.wav;1515,95463;1517,09582;o banco aceita;o banco aceita;1,1411900000000514;um banco aceita;;[{'text': 'um', 'timestamp': (0.04, 0.1)}, {'text': 'banco', 'timestamp': (0.18, 0.4)}, {'text': 'aceita', 'timestamp': (0.5, 1.0)}];0,3333333333333333;0,3333333333333333;0,5555555555555556;0,14285714285714285
./audios/SP_DID_250_1517.36138_1518.63894.wav;1517,36138;1518,63894;de muito bom grado;de muito bom grado;1,277559999999994;de muito bom grado;;[{'text': 'de', 'timestamp': (0.02, 0.06)}, {'text': 'muito', 'timestamp': (0.24, 0.52)}, {'text': 'bom', 'timestamp': (0.62, 0.76)}, {'text': 'grado', 'timestamp': (0.86, 1.14)}];0,0;0,0;0,0;0,0
./audios/SP_DID_250_1520.21146_1523.66613.wav;1520,21146;1523,66613;o banco vive muito em função dos dePÓsitos bancários;o banco vive muito em função dos depósitos bancários;3,4546700000000783;o banco vive muito em função dos depósitos bancários;;[{'text': 'o', 'timestamp': (0.08, 0.1)}, {'text': 'banco', 'timestamp': (0.2, 0.44)}, {'text': 'vive', 'timestamp': (0.58, 0.78)}, {'text': 'muito', 'timestamp': (0.9, 1.08)}, {'text': 'em', 'timestamp': (1.2, 1.24)}, {'text': 'função', 'timestamp': (1.32, 1.64)}, {'text': 'dos', 'timestamp': (1.8, 1.94)}, {'text': 'depósitos', 'timestamp': (2.06, 2.9)}, {'text': 'bancários', 'timestamp': (2.98, 3.42)}];0,0;0,0;0,0;0,0
./audios/SP_DID_250_1524.06635_1527.18282.wav;1524,06635;1527,18282;e como a gente não pode ficar como a velha figura do mineiro;e como a gente não pode ficar como a velha figura do mineiro;3,1164699999999357;e como a gente não pode ficar com a velha figura do mineiro;;[{'text': 'e', 'timestamp': (0.24, 0.26)}, {'text': 'como', 'timestamp': (0.36, 0.48)}, {'text': 'a', 'timestamp': (0.54, 0.56)}, {'text': 'gente', 'timestamp': (0.62, 0.78)}, {'text': 'não', 'timestamp': (0.84, 0.92)}, {'text': 'pode', 'timestamp': (1.02, 1.2)}, {'text': 'ficar', 'timestamp': (1.28, 1.54)}, {'text': 'com', 'timestamp': (1.62, 1.72)}, {'text': 'a', 'timestamp': (1.8, 1.82)}, {'text': 'velha', 'timestamp': (1.88, 2.08)}, {'text': 'figura', 'timestamp': (2.18, 2.48)}, {'text': 'do', 'timestamp': (2.54, 2.6)}, {'text': 'mineiro', 'timestamp': (2.68, 3.02)}];0,07692307692307693;0,07692307692307693;0,1479289940828401;0,016666666666666666
./audios/SP_DID_250_1527.87246_1530.11495.wav;1527,87246;1530,11495;os meus amigos mineiros que me desculpem;os meus amigos mineiros que me desculpem;2,2424899999998615;os meus amigos mineiros que me discutam;;[{'text': 'os', 'timestamp': (0.14, 0.2)}, {'text': 'meus', 'timestamp': (0.26, 0.4)}, {'text': 'amigos', 'timestamp': (0.5, 0.8)}, {'text': 'mineiros', 'timestamp': (0.88, 1.22)}, {'text': 'que', 'timestamp': (1.3, 1.36)}, {'text': 'me', 'timestamp': (1.42, 1.48)}, {'text': 'discutam', 'timestamp': (1.54, 2.12)}];0,14285714285714285;0,14285714285714285;0,26530612244897966;0,1
./audios/SP_DID_250_1530.3395_1531.1245.wav;1530,3395;1531,1245;a ausência;a ausência;0,7849999999998545;ausência;;[{'text': 'ausência', 'timestamp': (1.08, 1.72)}];0,5;0,5;0,5;0,2
./audios/SP_DID_250_1531.89968_1534.10037.wav;1531,89968;1534,10037;guardar dinheiro embaixo do colchão;guardar dinheiro embaixo do colchão;2,2006900000001224;é guardar dinheiro embaixo do colchão;;[{'text': 'é', 'timestamp': (0.14, 0.16)}, {'text': 'guardar', 'timestamp': (0.26, 0.68)}, {'text': 'dinheiro', 'timestamp': (0.8, 1.08)}, {'text': 'embaixo', 'timestamp': (1.14, 1.44)}, {'text': 'do', 'timestamp': (1.48, 1.54)}, {'text': 'colchão', 'timestamp': (1.62, 2.08)}];0,2;0,16666666666666666;0,16666666666666663;0,05714285714285714
./audios/SP_DID_250_1535.01983_1537.17884.wav;1535,01983;1537,17884;ou dentro do do do pano do colchão;ou dentro do do do pano do colchão;2,1590100000000803;o de trio do do pano de concha;;[{'text': 'o', 'timestamp': (0.18, 0.2)}, {'text': 'de', 'timestamp': (0.28, 0.34)}, {'text': 'trio', 'timestamp': (0.5, 0.74)}, {'text': 'do', 'timestamp': (0.92, 0.98)}, {'text': 'do', 'timestamp': (1.08, 1.24)}, {'text': 'pano', 'timestamp': (1.4, 1.58)}, {'text': 'de', 'timestamp': (1.62, 1.68)}, {'text': 'concha', 'timestamp': (1.76, 2.02)}];0,625;0,625;0,859375;0,2647058823529412
./audios/SP_DID_250_1537.46489_1538.81146.wav;1537,46489;1538,81146; então tem que guardar em algum lugar;então tem que guardar em algum lugar;1,3465699999999288;então tem que guardar em algum lugar;;[{'text': 'então', 'timestamp': (0.04, 0.22)}, {'text': 'tem', 'timestamp': (0.34, 0.42)}, {'text': 'que', 'timestamp': (0.48, 0.54)}, {'text': 'guardar', 'timestamp': (0.58, 0.84)}, {'text': 'em', 'timestamp': (0.86, 0.9)}, {'text': 'algum', 'timestamp': (0.92, 1.08)}, {'text': 'lugar', 'timestamp': (1.1, 1.28)}];0,0;0,0;0,0;0,0
./audios/SP_DID_250_1538.81146_1539.60347.wav;1538,81146;1539,60347;guarda no banco;guarda no banco;0,7920100000001185;a guarda no banco;;[{'text': 'a', 'timestamp': (0.98, 1.0)}, {'text': 'guarda', 'timestamp': (1.06, 1.34)}, {'text': 'no', 'timestamp': (1.4, 1.46)}, {'text': 'banco', 'timestamp': (1.54, 1.78)}];0,3333333333333333;0,25;0,25;0,13333333333333333
./audios/SP_DID_250_1539.9904_1540.26283.wav;1539,9904;1540,26283;ora;ora;0,27242999999998574;para;;[{'text': 'para', 'timestamp': (0.98, 1.2)}];1,0;1,0;1,0;0,6666666666666666
./audios/SP_DID_250_1540.81166_1541.37652.wav;1540,81166;1541,37652;hoje;hoje;0,5648599999999533;hoje;;[{'text': 'hoje', 'timestamp': (1.06, 1.34)}];0,0;0,0;0,0;0,0
./audios/SP_DID_250_1541.84725_1546.02997.wav;1541,84725;1546,02997;todo mundo sabe que os bancos não pagam mais juros por depósitos;todo mundo sabe que os bancos não pagam mais juros por depósitos;4,1827200000000175;todo mundo sabe que os bancos não pagam mais juros por depósito;;[{'text': 'todo', 'timestamp': (0.06, 0.18)}, {'text': 'mundo', 'timestamp': (0.24, 0.4)}, {'text': 'sabe', 'timestamp': (0.6, 0.82)}, {'text': 'que', 'timestamp': (1.0, 1.08)}, {'text': 'os', 'timestamp': (1.14, 1.2)}, {'text': 'bancos', 'timestamp': (1.28, 1.58)}, {'text': 'não', 'timestamp': (1.68, 1.76)}, {'text': 'pagam', 'timestamp': (1.9, 2.26)}, {'text': 'mais', 'timestamp': (2.38, 2.74)}, {'text': 'juros', 'timestamp': (2.88, 3.26)}, {'text': 'por', 'timestamp': (3.46, 3.56)}, {'text': 'depósito', 'timestamp': (3.64, 4.12)}];0,08333333333333333;0,08333333333333333;0,15972222222222232;0,015625
./audios/SP_DID_250_1547.65733_1549.41881.wav;1547,65733;1549,41881;há alguns anos atrás pagavam;há alguns anos atrás pagavam;1,7614799999998922;há alguns anos atrás pagavam;;[{'text': 'há', 'timestamp': (0.1, 0.16)}, {'text': 'alguns', 'timestamp': (0.22, 0.5)}, {'text': 'anos', 'timestamp': (0.56, 0.72)}, {'text': 'atrás', 'timestamp': (0.8, 1.1)}, {'text': 'pagavam', 'timestamp': (1.2, 1.56)}];0,0;0,0;0,0;0,0
./audios/SP_DID_250_1549.98405_1550.68341.wav;1549,98405;1550,68341;hoje;hoje;0,6993600000000697;hoje;;[{'text': 'hoje', 'timestamp': (1.12, 1.4)}];0,0;0,0;0,0;0,0
./audios/SP_DID_250_1551.05999_1552.00529.wav;1551,05999;1552,00529;não pagam mais;não pagam mais;0,9453000000000884;não pagam mais;;[{'text': 'não', 'timestamp': (1.08, 1.16)}, {'text': 'pagam', 'timestamp': (1.28, 1.54)}, {'text': 'mais', 'timestamp': (1.6, 1.88)}];0,0;0,0;0,0;0,0
./audios/SP_DID_250_1552.19358_1553.22917.wav;1552,19358;1553,22917;a lei permite isso;a lei permite isso;1,0355899999999565;a lei para muito;;[{'text': 'a', 'timestamp': (0.1, 0.12)}, {'text': 'lei', 'timestamp': (0.16, 0.3)}, {'text': 'para', 'timestamp': (0.38, 0.5)}, {'text': 'muito', 'timestamp': (0.56, 1.0)}];0,5;0,5;0,75;0,4444444444444444
./audios/SP_DID_250_1554.26476_1556.06121.wav;1554,26476;1556,06121;então é a coisa mais simples do mundo;então é a coisa mais simples do mundo;1,7964500000000498;então a coisa mais simples do mundo;;[{'text': 'então', 'timestamp': (0.06, 0.34)}, {'text': 'a', 'timestamp': (0.64, 0.66)}, {'text': 'coisa', 'timestamp': (0.72, 0.92)}, {'text': 'mais', 'timestamp': (0.98, 1.1)}, {'text': 'simples', 'timestamp': (1.18, 1.38)}, {'text': 'do', 'timestamp': (1.46, 1.5)}, {'text': 'mundo', 'timestamp': (1.56, 1.7)}];0,125;0,125;0,125;0,05405405405405406
./audios/SP_DID_250_1557.79616_1558.57158.wav;1557,79616;1558,57158;não é preciso;não é preciso;0,77541999999994;não é preciso;;[{'text': 'não', 'timestamp': (1.06, 1.14)}, {'text': 'é', 'timestamp': (1.18, 1.2)}, {'text': 'preciso', 'timestamp': (1.28, 1.62)}];0,0;0,0;0,0;0,0
./audios/SP_DID_250_1558.68353_1561.07961.wav;1558,68353;1561,07961;para guardar dinheiro no banco não precisa apresentação;para guardar dinheiro no banco não precisa apresentação;2,3960799999999836;pra guardar dinheiro no banco e não precisa apresentação;;[{'text': 'pra', 'timestamp': (0.0, 0.14)}, {'text': 'guardar', 'timestamp': (0.16, 0.46)}, {'text': 'dinheiro', 'timestamp': (0.58, 0.8)}, {'text': 'no', 'timestamp': (0.86, 0.92)}, {'text': 'banco', 'timestamp': (1.0, 1.18)}, {'text': 'e', 'timestamp': (1.22, 1.24)}, {'text': 'não', 'timestamp': (1.26, 1.34)}, {'text': 'precisa', 'timestamp': (1.36, 1.54)}, {'text': 'apresentação', 'timestamp': (1.64, 2.28)}];0,25;0,2222222222222222;0,3194444444444444;0,05454545454545454
./audios/SP_DID_250_1562.35847_1565.01342.wav;1562,35847;1565,01342;para pedir emprestado ao banco precisa avalista;para pedir emprestado ao banco precisa avalista;2,654950000000099;pra pedir para o estado o banco precisa avalista;;[{'text': 'pra', 'timestamp': (0.0, 0.1)}, {'text': 'pedir', 'timestamp': (0.2, 0.44)}, {'text': 'para', 'timestamp': (0.56, 0.64)}, {'text': 'o', 'timestamp': (0.66, 0.68)}, {'text': 'estado', 'timestamp': (0.74, 1.0)}, {'text': 'o', 'timestamp': (1.08, 1.1)}, {'text': 'banco', 'timestamp': (1.18, 1.38)}, {'text': 'precisa', 'timestamp': (1.5, 1.86)}, {'text': 'avalista', 'timestamp': (1.98, 2.5)}];0,7142857142857143;0,5555555555555556;0,746031746031746;0,19148936170212766
./audios/SP_DID_250_1566.7444_1568.64491.wav;1566,7444;1568,64491;quem pede emprestado precisa de um;quem pede emprestado precisa de um;1,9005099999999402;em pede emprestado precisa de um;;[{'text': 'em', 'timestamp': (0.08, 0.18)}, {'text': 'pede', 'timestamp': (0.22, 0.44)}, {'text': 'emprestado', 'timestamp': (0.48, 0.92)}, {'text': 'precisa', 'timestamp': (1.04, 1.44)}, {'text': 'de', 'timestamp': (1.56, 1.62)}, {'text': 'um', 'timestamp': (1.68, 1.74)}];0,16666666666666666;0,16666666666666666;0,30555555555555547;0,058823529411764705
./audios/SP_DID_250_1569.58553_1570.75989.wav;1569,58553;1570,75989;que assine também;que assine também;1,1743599999999788;que assine também;;[{'text': 'que', 'timestamp': (0.0, 0.08)}, {'text': 'assine', 'timestamp': (0.12, 0.54)}, {'text': 'também', 'timestamp': (0.66, 0.98)}];0,0;0,0;0,0;0,0
./audios/SP_DID_250_1570.95947_1572.19071.wav;1570,95947;1572,19071; a promissória nas costas;a promissória nas costas;1,2312400000000707;a promissora nas costas;;[{'text': 'a', 'timestamp': (0.04, 0.06)}, {'text': 'promissora', 'timestamp': (0.16, 0.68)}, {'text': 'nas', 'timestamp': (0.78, 0.9)}, {'text': 'costas', 'timestamp': (1.0, 1.22)}];0,25;0,25;0,4375;0,08333333333333333
./audios/SP_DID_250_1572.80392_1573.81629.wav;1572,80392;1573,81629;avalizando;avalizando;1,012369999999919;avalizando;;[{'text': 'avalizando', 'timestamp': (0.06, 0.84)}];0,0;0,0;0,0;0,0
./audios/SP_DID_250_1574.54576_1574.78524.wav;1574,54576;1574,78524;quer dizer;quer dizer;0,23947999999995773;se você;;[{'text': 'se', 'timestamp': (0.92, 1.06)}, {'text': 'você', 'timestamp': (1.14, 1.34)}];1,0;1,0;1,0;0,8
./audios/SP_DID_250_1574.78524_1577.20248.wav;1574,78524;1577,20248;responsabilizando-se também pelo pagamento;responsabilizandose também pelo pagamento;2,4172399999999925;responsabilizando-se também pelo pagamento;;[{'text': 'responsabilizando-se', 'timestamp': (0.1, 1.12)}, {'text': 'também', 'timestamp': (1.24, 1.46)}, {'text': 'pelo', 'timestamp': (1.58, 1.7)}, {'text': 'pagamento', 'timestamp': (1.78, 2.28)}];0,25;0,25;0,4375;0,024390243902439025
./audios/SP_DID_250_1578.64258_1579.48148.wav;1578,64258;1579,48148;e além disso;e além disso;0,8388999999999669;e além disso;;[{'text': 'e', 'timestamp': (1.08, 1.1)}, {'text': 'além', 'timestamp': (1.18, 1.36)}, {'text': 'disso', 'timestamp': (1.46, 1.74)}];0,0;0,0;0,0;0,0
./audios/SP_DID_250_1580.19242_1581.71586.wav;1580,19242;1581,71586;SER depositante do banco;ser depositante do banco;1,5234399999999368;era depositante do humano;;[{'text': 'era', 'timestamp': (0.08, 0.34)}, {'text': 'depositante', 'timestamp': (0.5, 1.14)}, {'text': 'do', 'timestamp': (1.24, 1.28)}, {'text': 'humano', 'timestamp': (1.32, 1.48)}];0,5;0,5;0,75;0,25
./audios/SP_DID_250_1583.82328_1586.77706.wav;1583,82328;1586,77706;ter um saldo médio qualquer de depósito durante;ter um saldo médio qualquer de depósito durante;2,953779999999824;ter um saldo médio qualquer de depósito durante um;;[{'text': 'ter', 'timestamp': (0.02, 0.18)}, {'text': 'um', 'timestamp': (0.24, 0.28)}, {'text': 'saldo', 'timestamp': (0.42, 0.72)}, {'text': 'médio', 'timestamp': (0.82, 1.12)}, {'text': 'qualquer', 'timestamp': (1.26, 1.74)}, {'text': 'de', 'timestamp': (1.84, 1.88)}, {'text': 'depósito', 'timestamp': (1.98, 2.42)}, {'text': 'durante', 'timestamp': (2.54, 2.76)}, {'text': 'um', 'timestamp': (2.82, 2.86)}];0,125;0,1111111111111111;0,11111111111111116;0,06382978723404255
./audios/SP_DID_250_1587.42029_1589.67321.wav;1587,42029;1589,67321;durante:: o ano;durante o ano;2,2529199999999037;durante o ano;;[{'text': 'durante', 'timestamp': (0.08, 0.44)}, {'text': 'o', 'timestamp': (1.72, 1.74)}, {'text': 'ano', 'timestamp': (1.84, 2.08)}];0,0;0,0;0,0;0,0
./audios/SP_DID_250_1590.46878_1590.74611.wav;1590,46878;1590,74611;não é?;não é;0,27733000000012;na;;[{'text': 'na', 'timestamp': (1.04, 1.12)}];1,0;1,0;1,0;0,8
./audios/SP_DID_250_1590.74611_1594.00655.wav;1590,74611;1594,00655;durante::: o tempo em que ele for depositante do banco;durante o tempo em que ele for depositante do banco;3,260440000000017;durante o tempo em que ele for depositando do banco;;[{'text': 'durante', 'timestamp': (0.08, 0.4)}, {'text': 'o', 'timestamp': (1.44, 1.46)}, {'text': 'tempo', 'timestamp': (1.6, 1.84)}, {'text': 'em', 'timestamp': (1.92, 1.96)}, {'text': 'que', 'timestamp': (2.02, 2.08)}, {'text': 'ele', 'timestamp': (2.12, 2.22)}, {'text': 'for', 'timestamp': (2.28, 2.38)}, {'text': 'depositando', 'timestamp': (2.46, 2.96)}, {'text': 'do', 'timestamp': (3.02, 3.06)}, {'text': 'banco', 'timestamp': (3.1, 3.2)}];0,1;0,1;0,18999999999999995;0,0392156862745098
./audios/SP_DID_250_1594.62438_1595.19144.wav;1594,62438;1595,19144;e que;e que;0,5670600000000832;o que;;[{'text': 'o', 'timestamp': (1.06, 1.08)}, {'text': 'que', 'timestamp': (1.22, 1.3)}];0,5;0,5;0,75;0,2
./audios/SP_DID_250_1595.97009_1599.154.wav;1595,97009;1599,154;dê ao banco uma certa garantia;dê ao banco uma certa garantia;3,183909999999969;e dê ao banco uma certa garantia;;[{'text': 'e', 'timestamp': (0.08, 0.1)}, {'text': 'dê', 'timestamp': (0.32, 0.4)}, {'text': 'ao', 'timestamp': (0.74, 0.8)}, {'text': 'banco', 'timestamp': (0.92, 1.28)}, {'text': 'uma', 'timestamp': (1.5, 1.6)}, {'text': 'certa', 'timestamp': (1.88, 2.24)}, {'text': 'garantia', 'timestamp': (2.36, 3.04)}];0,16666666666666666;0,14285714285714285;0,1428571428571429;0,06666666666666667
./audios/SP_DID_250_1599.69567_1600.89286.wav;1599,69567;1600,89286;de solvabilidade ;de solvabilidade;1,197189999999864;de solvabilidade;;[{'text': 'de', 'timestamp': (0.06, 0.12)}, {'text': 'solvabilidade', 'timestamp': (0.28, 1.06)}];0,0;0,0;0,0;0,0
./audios/SP_DID_250_1600.89286_1601.14298.wav;1600,89286;1601,14298;quer dizer;quer dizer;0,2501200000001518;para;;[{'text': 'para', 'timestamp': (0.82, 1.1)}];1,0;1,0;1,0;0,9
./audios/SP_DID_250_1601.14298_1602.28663.wav;1601,14298;1602,28663;que o sujeito vai pagar mesmo;que o sujeito vai pagar mesmo;1,1436499999999796;que jeito vai parar mesmo;;[{'text': 'que', 'timestamp': (0.02, 0.14)}, {'text': 'jeito', 'timestamp': (0.18, 0.3)}, {'text': 'vai', 'timestamp': (0.34, 0.42)}, {'text': 'parar', 'timestamp': (0.52, 0.8)}, {'text': 'mesmo', 'timestamp': (0.9, 1.08)}];0,5;0,5;0,7;0,1724137931034483
./audios/SP_DID_250_1602.89499_1604.87077.wav;1602,89499;1604,87077;agora depositar guardar no banco é facílimo;agora depositar guardar no banco é facílimo;1,975779999999986;agora o deposito guardar no badoca sírio;;[{'text': 'agora', 'timestamp': (0.06, 0.2)}, {'text': 'o', 'timestamp': (0.24, 0.26)}, {'text': 'deposito', 'timestamp': (0.32, 0.7)}, {'text': 'guardar', 'timestamp': (0.86, 1.12)}, {'text': 'no', 'timestamp': (1.16, 1.2)}, {'text': 'badoca', 'timestamp': (1.22, 1.54)}, {'text': 'sírio', 'timestamp': (1.62, 1.92)}];0,7142857142857143;0,625;0,8163265306122449;0,3023255813953488
./audios/SP_DID_250_1605.08662_1606.83383.wav;1605,08662;1606,83383;chega lá abre uma conta ''ah pois não'';chega lá abre uma conta ah pois não;1,7472099999999955;chega arena conta panão;;[{'text': 'chega', 'timestamp': (0.0, 0.18)}, {'text': 'arena', 'timestamp': (0.26, 0.58)}, {'text': 'conta', 'timestamp': (0.68, 0.9)}, {'text': 'panão', 'timestamp': (1.0, 1.48)}];0,75;0,75;0,875;0,4
./audios/SP_DID_250_1607.28998_1610.31682.wav;1607,28998;1610,31682;o gerente atende e fala ''ah pois não ah faz favor sente-se aqui'' tal e coisa;o gerente atende e fala ah pois não ah faz favor sentese aqui tal e coisa;3,026839999999993;o gerente aqueles apois não ora por favor sente-se aqui tá licor;;[{'text': 'o', 'timestamp': (0.04, 0.06)}, {'text': 'gerente', 'timestamp': (0.1, 0.34)}, {'text': 'aqueles', 'timestamp': (0.44, 0.6)}, {'text': 'apois', 'timestamp': (0.66, 0.84)}, {'text': 'não', 'timestamp': (0.86, 0.92)}, {'text': 'ora', 'timestamp': (1.16, 1.3)}, {'text': 'por', 'timestamp': (1.36, 1.46)}, {'text': 'favor', 'timestamp': (1.5, 1.74)}, {'text': 'sente-se', 'timestamp': (1.88, 2.14)}, {'text': 'aqui', 'timestamp': (2.18, 2.3)}, {'text': 'tá', 'timestamp': (2.56, 2.6)}, {'text': 'licor', 'timestamp': (2.64, 2.98)}];0,6875;0,6875;0,8697916666666666;0,3561643835616438
./audios/SP_DID_250_1610.54489_1611.87295.wav;1610,54489;1611,87295; assina umas fichinhas;assina umas fichinhas;1,3280600000000504;assinam as fichinhas;;[{'text': 'assinam', 'timestamp': (0.06, 0.34)}, {'text': 'as', 'timestamp': (0.46, 0.52)}, {'text': 'fichinhas', 'timestamp': (0.58, 1.08)}];0,6666666666666666;0,6666666666666666;0,8888888888888888;0,14285714285714285
./audios/SP_DID_250_1612.53318_1614.5329.wav;1612,53318;1614,5329;bem o banco faz o o;bem o banco faz o o;1,9997200000000248;bom o banco faz o o;;[{'text': 'bom', 'timestamp': (0.04, 0.12)}, {'text': 'o', 'timestamp': (0.26, 0.28)}, {'text': 'banco', 'timestamp': (0.34, 0.56)}, {'text': 'faz', 'timestamp': (0.7, 1.04)}, {'text': 'o', 'timestamp': (1.14, 1.16)}, {'text': 'o', 'timestamp': (1.46, 1.48)}];0,16666666666666666;0,16666666666666666;0,30555555555555547;0,05263157894736842
./audios/SP_DID_250_1615.57379_1617.3027.wav;1615,57379;1617,3027;o que se chama o::;o que se chama o;1,7289100000000417;o que se chama o;;[{'text': 'o', 'timestamp': (0.04, 0.08)}, {'text': 'que', 'timestamp': (0.12, 0.2)}, {'text': 'se', 'timestamp': (0.26, 0.32)}, {'text': 'chama', 'timestamp': (0.44, 0.7)}, {'text': 'o', 'timestamp': (0.9, 0.92)}];0,0;0,0;0,0;0,0
./audios/SP_DID_250_1618.4385_1622.01348.wav;1618,4385;1622,01348;como é que se chama? que eles chamam essa essa folha de informação? O CADASTRO BANcário;como é que se chama que eles chamam essa essa folha de informação o cadastro bancário;3,574980000000096;como é que eles chamam essa folha de informação o cadastro bancário;;[{'text': 'como', 'timestamp': (0.38, 0.46)}, {'text': 'é', 'timestamp': (0.5, 0.52)}, {'text': 'que', 'timestamp': (0.54, 0.62)}, {'text': 'eles', 'timestamp': (0.64, 0.76)}, {'text': 'chamam', 'timestamp': (0.8, 0.98)}, {'text': 'essa', 'timestamp': (1.02, 1.58)}, {'text': 'folha', 'timestamp': (1.7, 1.86)}, {'text': 'de', 'timestamp': (1.9, 1.94)}, {'text': 'informação', 'timestamp': (1.98, 2.44)}, {'text': 'o', 'timestamp': (2.58, 2.6)}, {'text': 'cadastro', 'timestamp': (2.68, 3.06)}, {'text': 'bancário', 'timestamp': (3.14, 3.52)}];0,25;0,25;0,25;0,21176470588235294
./audios/SP_DID_250_1630.0775_1630.88657.wav;1630,0775;1630,88657;e depois;e depois;0,8090699999997923;e depois;;[{'text': 'e', 'timestamp': (1.18, 1.2)}, {'text': 'depois', 'timestamp': (1.3, 1.7)}];0,0;0,0;0,0;0,0
./audios/SP_DID_250_1631.57455_1633.62015.wav;1631,57455;1633,62015;é bem mais a apresentação de alguém;é bem mais a apresentação de alguém;2,045599999999922;é bem mais a apresentação de alguém;;[{'text': 'é', 'timestamp': (0.06, 0.08)}, {'text': 'bem', 'timestamp': (0.2, 0.36)}, {'text': 'mais', 'timestamp': (0.52, 0.74)}, {'text': 'a', 'timestamp': (0.78, 0.8)}, {'text': 'apresentação', 'timestamp': (0.82, 1.5)}, {'text': 'de', 'timestamp': (1.58, 1.62)}, {'text': 'alguém', 'timestamp': (1.66, 1.92)}];0,0;0,0;0,0;0,0
./audios/SP_DID_250_1635.2797_1636.06921.wav;1635,2797;1636,06921;simplesmente isso;simplesmente isso;0,7895100000000639;simplesmente ir;;[{'text': 'simplesmente', 'timestamp': (0.96, 1.44)}, {'text': 'ir', 'timestamp': (1.56, 1.64)}];0,5;0,5;0,75;0,17647058823529413
./audios/SP_DID_250_1638.54349_1640.35316.wav;1638,54349;1640,35316;satisfeitas as exigências do cadastro bancário;satisfeitas as exigências do cadastro bancário;1,809669999999869;satisfeitos este do cadastro bancário;;[{'text': 'satisfeitos', 'timestamp': (0.02, 0.44)}, {'text': 'este', 'timestamp': (0.68, 0.82)}, {'text': 'do', 'timestamp': (0.9, 0.94)}, {'text': 'cadastro', 'timestamp': (1.02, 1.34)}, {'text': 'bancário', 'timestamp': (1.42, 1.76)}];0,5;0,5;0,7;0,2608695652173913
./audios/SP_DID_250_1640.35316_1640.65265.wav;1640,35316;1640,65265;quer dizer;quer dizer;0,2994900000001053;teve;;[{'text': 'teve', 'timestamp': (1.06, 1.22)}];1,0;1,0;1,0;0,8
./audios/SP_DID_250_1640.65265_1642.76465.wav;1640,65265;1642,76465;que fica uma ficha de informações do cidadão lá;que fica uma ficha de informações do cidadão lá;2,11200000000008;fica uma ficha de informações de o cidadão lá;;[{'text': 'fica', 'timestamp': (0.12, 0.26)}, {'text': 'uma', 'timestamp': (0.32, 0.38)}, {'text': 'ficha', 'timestamp': (0.48, 0.66)}, {'text': 'de', 'timestamp': (0.7, 0.76)}, {'text': 'informações', 'timestamp': (0.78, 1.26)}, {'text': 'de', 'timestamp': (1.32, 1.4)}, {'text': 'o', 'timestamp': (1.42, 1.44)}, {'text': 'cidadão', 'timestamp': (1.5, 1.86)}, {'text': 'lá', 'timestamp': (1.96, 2.0)}];0,3333333333333333;0,3;0,3950617283950617;0,1276595744680851
./audios/SP_DID_250_1644.30359_1646.44135.wav;1644,30359;1646,44135;éh::: é entrar com dinheiro;eh é entrar com dinheiro;2,137760000000071;e é entrar com dinheiro;;[{'text': 'e', 'timestamp': (0.24, 0.26)}, {'text': 'é', 'timestamp': (0.86, 0.88)}, {'text': 'entrar', 'timestamp': (1.2, 1.46)}, {'text': 'com', 'timestamp': (1.54, 1.6)}, {'text': 'dinheiro', 'timestamp': (1.68, 1.98)}];0,2;0,2;0,3599999999999999;0,041666666666666664
./audios/SP_DID_250_1648.16645_1649.7376.wav;1648,16645;1649,7376;e o banco aceita agradável/;e o banco aceita agradável;1,5711499999999887;e o banco aceita agradavel;;[{'text': 'e', 'timestamp': (0.04, 0.06)}, {'text': 'o', 'timestamp': (0.1, 0.12)}, {'text': 'banco', 'timestamp': (0.16, 0.34)}, {'text': 'aceita', 'timestamp': (0.46, 0.96)}, {'text': 'agradavel', 'timestamp': (1.06, 1.4)}];0,2;0,2;0,3599999999999999;0,038461538461538464
./audios/SP_DID_250_1650.02305_1650.96627.wav;1650,02305;1650,96627;QUANdo tem;quando tem;0,9432199999998829;quando tem;;[{'text': 'quando', 'timestamp': (1.0, 1.44)}, {'text': 'tem', 'timestamp': (1.6, 1.76)}];0,0;0,0;0,0;0,0
./audios/SP_DID_250_1665.70041_1669.95563.wav;1665,70041;1669,95563;antes disso eu quero dizer uma coisa eu estou ficando tão entusiasmado com estas perguntas;antes disso eu quero dizer uma coisa eu estou ficando tão entusiasmado com estas perguntas;4,255220000000008;antes disso eu quero dizer uma coisa eu estou ficando tão entusiasmado com essas perguntas;;[{'text': 'antes', 'timestamp': (0.22, 0.48)}, {'text': 'disso', 'timestamp': (0.56, 0.76)}, {'text': 'eu', 'timestamp': (0.82, 0.9)}, {'text': 'quero', 'timestamp': (0.94, 1.1)}, {'text': 'dizer', 'timestamp': (1.16, 1.3)}, {'text': 'uma', 'timestamp': (1.36, 1.42)}, {'text': 'coisa', 'timestamp': (1.5, 1.7)}, {'text': 'eu', 'timestamp': (1.76, 1.88)}, {'text': 'estou', 'timestamp': (1.92, 2.04)}, {'text': 'ficando', 'timestamp': (2.08, 2.28)}, {'text': 'tão', 'timestamp': (2.38, 2.48)}, {'text': 'entusiasmado', 'timestamp': (2.56, 3.2)}, {'text': 'com', 'timestamp': (3.28, 3.36)}, {'text': 'essas', 'timestamp': (3.42, 3.62)}, {'text': 'perguntas', 'timestamp': (3.72, 4.18)}];0,06666666666666667;0,06666666666666667;0,12888888888888883;0,011111111111111112
./audios/SP_DID_250_1670.41795_1672.54314.wav;1670,41795;1672,54314;que eu fico até com vontade de ser banqueiro;que eu fico até com vontade de ser banqueiro;2,125189999999975;e fico até cocomancada de ser banqueiro;;[{'text': 'e', 'timestamp': (0.06, 0.08)}, {'text': 'fico', 'timestamp': (0.16, 0.34)}, {'text': 'até', 'timestamp': (0.36, 0.5)}, {'text': 'cocomancada', 'timestamp': (0.6, 1.28)}, {'text': 'de', 'timestamp': (1.34, 1.38)}, {'text': 'ser', 'timestamp': (1.46, 1.56)}, {'text': 'banqueiro', 'timestamp': (1.66, 2.1)}];0,4444444444444444;0,4444444444444444;0,6031746031746031;0,25
./audios/SP_DID_250_1674.80438_1677.19521.wav;1674,80438;1677,19521;a mínima vocação para isto;a mínima vocação para isto;2,390830000000051;a minima vocação pra isto;;[{'text': 'a', 'timestamp': (0.08, 0.1)}, {'text': 'minima', 'timestamp': (0.28, 0.68)}, {'text': 'vocação', 'timestamp': (0.82, 1.56)}, {'text': 'pra', 'timestamp': (1.7, 1.82)}, {'text': 'isto', 'timestamp': (1.94, 2.28)}];0,4;0,4;0,64;0,07692307692307693
./audios/SP_DID_250_1678.32406_1679.47661.wav;1678,32406;1679,47661;para esta profissão;para esta profissão;1,1525500000000193;para esta profissão;;[{'text': 'para', 'timestamp': (0.04, 0.18)}, {'text': 'esta', 'timestamp': (0.26, 0.46)}, {'text': 'profissão', 'timestamp': (0.54, 1.06)}];0,0;0,0;0,0;0,0
./audios/SP_DID_250_1679.90525_1680.34874.wav;1679,90525;1680,34874;bom;bom;0,44348999999988337;bom;;[{'text': 'bom', 'timestamp': (1.06, 1.18)}];0,0;0,0;0,0;0,0
./audios/SP_DID_250_1681.27343_1683.34676.wav;1681,27343;1683,34676;a vantagem de abrir uma conta bancária;a vantagem de abrir uma conta bancária;2,0733299999999417;a vantagem é abrir uma conta bancária;;[{'text': 'a', 'timestamp': (0.06, 0.08)}, {'text': 'vantagem', 'timestamp': (0.16, 0.6)}, {'text': 'é', 'timestamp': (0.72, 0.74)}, {'text': 'abrir', 'timestamp': (0.84, 1.04)}, {'text': 'uma', 'timestamp': (1.1, 1.18)}, {'text': 'conta', 'timestamp': (1.28, 1.48)}, {'text': 'bancária', 'timestamp': (1.56, 2.0)}];0,14285714285714285;0,14285714285714285;0,26530612244897966;0,05263157894736842
./audios/SP_DID_250_1684.24977_1685.46343.wav;1684,24977;1685,46343;primeiro é um lugar;primeiro é um lugar;1,213660000000118;primeiro é o lugar;;[{'text': 'primeiro', 'timestamp': (0.02, 0.38)}, {'text': 'é', 'timestamp': (0.58, 0.6)}, {'text': 'o', 'timestamp': (0.68, 0.72)}, {'text': 'lugar', 'timestamp': (0.78, 1.1)}];0,25;0,25;0,4375;0,10526315789473684
./audios/SP_DID_250_1685.63681_1686.17139.wav;1685,63681;1686,17139;onde;onde;0,5345800000000054;onde;;[{'text': 'onde', 'timestamp': (1.06, 1.3)}];0,0;0,0;0,0;0,0
./audios/SP_DID_250_1686.82535_1687.70086.wav;1686,82535;1687,70086;o indivíduo;o indivíduo;0,8755099999998492;o indivíduo;;[{'text': 'o', 'timestamp': (1.04, 1.06)}, {'text': 'indivíduo', 'timestamp': (1.16, 1.68)}];0,0;0,0;0,0;0,0
./audios/SP_DID_250_1689.07345_1691.19734.wav;1689,07345;1691,19734;pode guardar o seu dinheiro;pode guardar o seu dinheiro;2,1238899999998466;pode guardar o seu dinheiro;;[{'text': 'pode', 'timestamp': (0.04, 0.22)}, {'text': 'guardar', 'timestamp': (0.34, 0.8)}, {'text': 'o', 'timestamp': (1.22, 1.24)}, {'text': 'seu', 'timestamp': (1.38, 1.5)}, {'text': 'dinheiro', 'timestamp': (1.6, 1.98)}];0,0;0,0;0,0;0,0
./audios/SP_DID_250_1691.7536_1692.93113.wav;1691,7536;1692,93113;dormindo sossegado;dormindo sossegado;1,1775299999999334;dormindo sossegado;;[{'text': 'dormindo', 'timestamp': (0.08, 0.46)}, {'text': 'sossegado', 'timestamp': (0.62, 1.1)}];0,0;0,0;0,0;0,0
./audios/SP_DID_250_1694.47849_1695.66324.wav;1694,47849;1695,66324;em vez de deixar na gaveta;em vez de deixar na gaveta;1,1847500000001219;e desde deixar nada ver;;[{'text': 'e', 'timestamp': (0.1, 0.12)}, {'text': 'desde', 'timestamp': (0.14, 0.32)}, {'text': 'deixar', 'timestamp': (0.4, 0.64)}, {'text': 'nada', 'timestamp': (0.72, 0.9)}, {'text': 'ver', 'timestamp': (1.02, 1.12)}];0,8333333333333334;0,8333333333333334;0,9666666666666667;0,34615384615384615
./audios/SP_DID_250_1700.00495_1700.9815.wav;1700,00495;1700,9815;por outro lado;por outro lado;0,9765500000000884;por outro lado;;[{'text': 'por', 'timestamp': (1.04, 1.14)}, {'text': 'outro', 'timestamp': (1.2, 1.42)}, {'text': 'lado', 'timestamp': (1.52, 1.78)}];0,0;0,0;0,0;0,0
./audios/SP_DID_250_1702.54516_1704.62096.wav;1702,54516;1704,62096;e SE ele vier a precisar;e se ele vier a precisar;2,075800000000072;que ele vier a precisar;;[{'text': 'que', 'timestamp': (0.0, 0.08)}, {'text': 'ele', 'timestamp': (0.42, 0.6)}, {'text': 'vier', 'timestamp': (0.64, 0.92)}, {'text': 'a', 'timestamp': (1.2, 1.22)}, {'text': 'precisar', 'timestamp': (1.36, 1.92)}];0,3333333333333333;0,3333333333333333;0,4666666666666667;0,125
./audios/SP_DID_250_1705.91221_1706.97567.wav;1705,91221;1706,97567;de um empréstimo;de um empréstimo;1,0634600000000773;de um empréstimo;;[{'text': 'de', 'timestamp': (0.06, 0.12)}, {'text': 'um', 'timestamp': (0.18, 0.22)}, {'text': 'empréstimo', 'timestamp': (0.3, 1.0)}];0,0;0,0;0,0;0,0
./audios/SP_DID_250_1708.39223_1711.01736.wav;1708,39223;1711,01736;embora deva sujeitar-se nesse caso;embora deva sujeitarse nesse caso;2,6251300000001265;embora deva sujeitar-se nesse caso;;[{'text': 'embora', 'timestamp': (0.1, 0.54)}, {'text': 'deva', 'timestamp': (0.84, 1.08)}, {'text': 'sujeitar-se', 'timestamp': (1.22, 1.94)}, {'text': 'nesse', 'timestamp': (2.0, 2.22)}, {'text': 'caso', 'timestamp': (2.36, 2.58)}];0,2;0,2;0,3599999999999999;0,030303030303030304
./audios/SP_DID_250_1711.73032_1711.90411.wav;1711,73032;1711,90411;às;às;0,17379000000005362;pá;;[{'text': 'pá', 'timestamp': (0.98, 1.06)}];1,0;1,0;1,0;1,0
./audios/SP_DID_250_1712.07789_1712.7864.wav;1712,07789;1712,7864;condições;condições;0,7085099999999329;condições;;[{'text': 'condições', 'timestamp': (1.02, 1.68)}];0,0;0,0;0,0;0,0
./audios/SP_DID_250_1714.42261_1715.13557.wav;1714,42261;1715,13557;que::;que;0,7129599999998391;um;;[{'text': 'um', 'timestamp': (1.08, 1.56)}];1,0;1,0;1,0;0,6666666666666666
./audios/SP_DID_250_1716.10699_1717.17643.wav;1716,10699;1717,17643;são (bastantes) onerosas;são bastantes onerosas;1,069439999999986;não tanto oneroso;;[{'text': 'não', 'timestamp': (0.04, 0.16)}, {'text': 'tanto', 'timestamp': (0.34, 0.54)}, {'text': 'oneroso', 'timestamp': (0.62, 1.04)}];1,0;1,0;1,0;0,36363636363636365
./audios/SP_DID_250_1719.70385_1721.79457.wav;1719,70385;1721,79457;porque o banco não paga juro pelo depósito;porque o banco não paga juro pelo depósito;2,0907199999999193;porque o banco não paga juro pelo depósito;;[{'text': 'porque', 'timestamp': (0.02, 0.18)}, {'text': 'o', 'timestamp': (0.22, 0.24)}, {'text': 'banco', 'timestamp': (0.28, 0.46)}, {'text': 'não', 'timestamp': (0.54, 0.62)}, {'text': 'paga', 'timestamp': (0.74, 0.94)}, {'text': 'juro', 'timestamp': (1.1, 1.28)}, {'text': 'pelo', 'timestamp': (1.38, 1.5)}, {'text': 'depósito', 'timestamp': (1.58, 2.06)}];0,0;0,0;0,0;0,0
./audios/SP_DID_250_1723.51905_1728.16.wav;1723,51905;1728,16;através do qual ele apura saldo médio para ver ''não nós podemos emprestar a esse cidadão aí;através do qual ele apura saldo médio para ver não nós podemos emprestar a esse cidadão aí;4,640949999999975;através do colo ele apura o saldo médio para dizer não é nós também não te faz cidadão aí;;[{'text': 'através', 'timestamp': (0.06, 0.52)}, {'text': 'do', 'timestamp': (0.56, 0.62)}, {'text': 'colo', 'timestamp': (0.72, 0.88)}, {'text': 'ele', 'timestamp': (0.9, 1.02)}, {'text': 'apura', 'timestamp': (1.06, 1.32)}, {'text': 'o', 'timestamp': (1.38, 1.4)}, {'text': 'saldo', 'timestamp': (1.48, 1.76)}, {'text': 'médio', 'timestamp': (1.82, 1.96)}, {'text': 'para', 'timestamp': (2.02, 2.1)}, {'text': 'dizer', 'timestamp': (2.12, 2.24)}, {'text': 'não', 'timestamp': (2.28, 2.4)}, {'text': 'é', 'timestamp': (2.48, 2.5)}, {'text': 'nós', 'timestamp': (2.54, 2.7)}, {'text': 'também', 'timestamp': (2.76, 2.94)}, {'text': 'não', 'timestamp': (2.98, 3.04)}, {'text': 'te', 'timestamp': (3.08, 3.24)}, {'text': 'faz', 'timestamp': (3.34, 3.52)}, {'text': 'cidadão', 'timestamp': (3.7, 4.06)}, {'text': 'aí', 'timestamp': (4.14, 4.24)}];0,47058823529411764;0,42105263157894735;0,6253869969040247;0,35555555555555557
./audios/SP_DID_250_1728.55966_1731.62816.wav;1728,55966;1731,62816;digamos a importância só ( ) vá lá;digamos a importância só vá lá;3,0685000000000855;digamos a importância vá lá;;[{'text': 'digamos', 'timestamp': (0.04, 0.4)}, {'text': 'a', 'timestamp': (0.48, 0.52)}, {'text': 'importância', 'timestamp': (0.54, 1.0)}, {'text': 'vá', 'timestamp': (2.7, 2.78)}, {'text': 'lá', 'timestamp': (2.86, 2.92)}];0,16666666666666666;0,16666666666666666;0,16666666666666663;0,1
./audios/SP_DID_250_1732.82768_1735.03341.wav;1732,82768;1735,03341;desde que ele apresente um avalista de nossa confiança'';desde que ele apresente um avalista de nossa confiança;2,205729999999903;diz que ele apresente uma avalista de nossa confiança;;[{'text': 'diz', 'timestamp': (0.04, 0.14)}, {'text': 'que', 'timestamp': (0.22, 0.28)}, {'text': 'ele', 'timestamp': (0.3, 0.38)}, {'text': 'apresente', 'timestamp': (0.4, 0.74)}, {'text': 'uma', 'timestamp': (0.82, 0.92)}, {'text': 'avalista', 'timestamp': (0.94, 1.3)}, {'text': 'de', 'timestamp': (1.38, 1.42)}, {'text': 'nossa', 'timestamp': (1.48, 1.68)}, {'text': 'confiança', 'timestamp': (1.78, 2.16)}];0,2222222222222222;0,2222222222222222;0,3950617283950617;0,09259259259259259
./audios/SP_DID_250_1736.75652_1737.58842.wav;1736,75652;1737,58842;então ele empresta;então ele empresta;0,8319000000001324;e dois de presta;;[{'text': 'e', 'timestamp': (1.02, 1.04)}, {'text': 'dois', 'timestamp': (1.1, 1.26)}, {'text': 'de', 'timestamp': (1.28, 1.34)}, {'text': 'presta', 'timestamp': (1.42, 1.78)}];1,3333333333333333;1,0;1,0;0,5
./audios/SP_DID_250_1737.58842_1739.40733.wav;1737,58842;1739,40733;mas ele vai receber juros;mas ele vai receber juros;1,8189099999999598;mas ele vai receber juno;;[{'text': 'mas', 'timestamp': (0.18, 0.3)}, {'text': 'ele', 'timestamp': (0.36, 0.46)}, {'text': 'vai', 'timestamp': (0.5, 0.56)}, {'text': 'receber', 'timestamp': (0.68, 1.12)}, {'text': 'juno', 'timestamp': (1.38, 1.7)}];0,2;0,2;0,3599999999999999;0,08
./audios/SP_DID_250_1739.66132_1739.99106.wav;1739,66132;1739,99106;que::;que;0,32974000000012893;tu;;[{'text': 'tu', 'timestamp': (0.98, 1.06)}];1,0;1,0;1,0;0,6666666666666666
./audios/SP_DID_250_1741.18973_1746.11449.wav;1741,18973;1746,11449;andam:: éh brincando brincando vai aí o negócio vai a dois e meio;andam eh brincando brincando vai aí o negócio vai a dois e meio;4,924759999999878;andam brincando brincando vai aí o negócio faz dois e mail;;[{'text': 'andam', 'timestamp': (0.26, 0.6)}, {'text': 'brincando', 'timestamp': (2.24, 2.58)}, {'text': 'brincando', 'timestamp': (2.68, 3.04)}, {'text': 'vai', 'timestamp': (3.12, 3.24)}, {'text': 'aí', 'timestamp': (3.34, 3.42)}, {'text': 'o', 'timestamp': (3.52, 3.54)}, {'text': 'negócio', 'timestamp': (3.58, 3.8)}, {'text': 'faz', 'timestamp': (3.84, 3.98)}, {'text': 'dois', 'timestamp': (4.12, 4.3)}, {'text': 'e', 'timestamp': (4.38, 4.4)}, {'text': 'mail', 'timestamp': (4.52, 4.74)}];0,3076923076923077;0,3076923076923077;0,43356643356643354;0,14285714285714285
./audios/SP_DID_250_1747.37108_1748.03143.wav;1747,37108;1748,03143;ao mês;ao mês;0,6603500000001077;almec;;[{'text': 'almec', 'timestamp': (1.08, 1.42)}];1,0;1,0;1,0;0,6666666666666666
./audios/SP_DID_250_1750.67385_1752.41131.wav;1750,67385;1752,41131;então se você vai receber;então se você vai receber;1,7374600000000555;e como se você vai receber;;[{'text': 'e', 'timestamp': (0.04, 0.06)}, {'text': 'como', 'timestamp': (0.16, 0.28)}, {'text': 'se', 'timestamp': (0.36, 0.42)}, {'text': 'você', 'timestamp': (0.5, 0.7)}, {'text': 'vai', 'timestamp': (0.92, 1.06)}, {'text': 'receber', 'timestamp': (1.18, 1.66)}];0,4;0,3333333333333333;0,4666666666666667;0,16
./audios/SP_DID_250_1753.4368_1755.28495.wav;1753,4368;1755,28495;--bom eu estou fugindo um pouquinho da pergunta--;bom eu estou fugindo um pouquinho da pergunta;1,8481500000000324;bom eu estou fugindo um pouquinho da pergunta;;[{'text': 'bom', 'timestamp': (0.04, 0.1)}, {'text': 'eu', 'timestamp': (0.16, 0.22)}, {'text': 'estou', 'timestamp': (0.26, 0.38)}, {'text': 'fugindo', 'timestamp': (0.46, 0.72)}, {'text': 'um', 'timestamp': (0.76, 0.8)}, {'text': 'pouquinho', 'timestamp': (0.86, 1.16)}, {'text': 'da', 'timestamp': (1.22, 1.26)}, {'text': 'pergunta', 'timestamp': (1.36, 1.78)}];0,0;0,0;0,0;0,0
./audios/SP_DID_250_1755.8146_1758.99923.wav;1755,8146;1758,99923;se você pede dez mil cruzeiros emprestado e o banco empresta;se você pede dez mil cruzeiros emprestado e o banco empresta;3,18462999999997;se você pede dez mil cruzeiros emprestados o banco empresta;;[{'text': 'se', 'timestamp': (0.14, 0.18)}, {'text': 'você', 'timestamp': (0.26, 0.44)}, {'text': 'pede', 'timestamp': (0.6, 0.76)}, {'text': 'dez', 'timestamp': (0.92, 1.06)}, {'text': 'mil', 'timestamp': (1.34, 1.44)}, {'text': 'cruzeiros', 'timestamp': (1.52, 1.9)}, {'text': 'emprestados', 'timestamp': (1.98, 2.52)}, {'text': 'o', 'timestamp': (2.58, 2.6)}, {'text': 'banco', 'timestamp': (2.66, 2.82)}, {'text': 'empresta', 'timestamp': (2.9, 3.14)}];0,18181818181818182;0,18181818181818182;0,26363636363636356;0,03333333333333333
./audios/SP_DID_250_1760.80229_1761.37702.wav;1760,80229;1761,37702;por;por;0,5747299999998177;puro;;[{'text': 'puro', 'timestamp': (1.04, 1.44)}];1,0;1,0;1,0;0,6666666666666666
./audios/SP_DID_250_1762.15004_1763.45727.wav;1762,15004;1763,45727;sessenta dias vamos dizer;sessenta dias vamos dizer;1,3072300000001178;sessenta dias vamos dizer;;[{'text': 'sessenta', 'timestamp': (0.06, 0.38)}, {'text': 'dias', 'timestamp': (0.5, 0.72)}, {'text': 'vamos', 'timestamp': (0.78, 0.9)}, {'text': 'dizer', 'timestamp': (0.98, 1.22)}];0,0;0,0;0,0;0,0
./audios/SP_DID_250_1763.87423_1764.89972.wav;1763,87423;1764,89972;ele já te desconta;ele já te desconta;1,0254899999999907;ele já te desconta;;[{'text': 'ele', 'timestamp': (0.04, 0.12)}, {'text': 'já', 'timestamp': (0.2, 0.24)}, {'text': 'te', 'timestamp': (0.34, 0.4)}, {'text': 'desconta', 'timestamp': (0.48, 0.92)}];0,0;0,0;0,0;0,0
./audios/SP_DID_250_1765.23216_1765.8576.wav;1765,23216;1765,8576;pelo menos;pelo menos;0,625440000000026;pelo menos;;[{'text': 'pelo', 'timestamp': (1.0, 1.16)}, {'text': 'menos', 'timestamp': (1.26, 1.5)}];0,0;0,0;0,0;0,0
./audios/SP_DID_250_1766.12243_1767.13102.wav;1766,12243;1767,13102;uns cinco por cento;uns cinco por cento;1,0085900000001402;uns cinco por cento;;[{'text': 'uns', 'timestamp': (0.06, 0.16)}, {'text': 'cinco', 'timestamp': (0.34, 0.52)}, {'text': 'por', 'timestamp': (0.64, 0.74)}, {'text': 'cento', 'timestamp': (0.82, 0.98)}];0,0;0,0;0,0;0,0
./audios/SP_DID_250_1768.37171_1769.19436.wav;1768,37171;1769,19436;você assina dez;você assina dez;0,8226500000000669;você assina dez;;[{'text': 'você', 'timestamp': (1.02, 1.14)}, {'text': 'assina', 'timestamp': (1.24, 1.48)}, {'text': 'dez', 'timestamp': (1.6, 1.8)}];0,0;0,0;0,0;0,0
./audios/SP_DID_250_1769.99447_1774.15873.wav;1769,99447;1774,15873;mas recebe dez menos cinco por cento e despesas taxa não sei de quê aquela conversa toda;mas recebe dez menos cinco por cento e despesas taxa não sei de quê aquela conversa toda;4,164260000000013;mas recebe dos menos despesas taxa eu não sei de que aquela conversa toda;;[{'text': 'mas', 'timestamp': (0.02, 0.1)}, {'text': 'recebe', 'timestamp': (0.16, 0.42)}, {'text': 'dos', 'timestamp': (0.46, 0.76)}, {'text': 'menos', 'timestamp': (0.84, 1.02)}, {'text': 'despesas', 'timestamp': (1.86, 2.34)}, {'text': 'taxa', 'timestamp': (2.46, 2.66)}, {'text': 'eu', 'timestamp': (2.7, 2.76)}, {'text': 'não', 'timestamp': (2.78, 2.84)}, {'text': 'sei', 'timestamp': (2.88, 2.96)}, {'text': 'de', 'timestamp': (3.02, 3.06)}, {'text': 'que', 'timestamp': (3.12, 3.2)}, {'text': 'aquela', 'timestamp': (3.36, 3.52)}, {'text': 'conversa', 'timestamp': (3.58, 3.9)}, {'text': 'toda', 'timestamp': (4.0, 4.1)}];0,4117647058823529;0,3888888888888889;0,4915966386554622;0,2727272727272727
./audios/SP_DID_250_1775.35089_1776.60284.wav;1775,35089;1776,60284;depois no fim você paga os dez;depois no fim você paga os dez;1,251950000000079;e põe no fim você paga os dez;;[{'text': 'e', 'timestamp': (0.1, 0.12)}, {'text': 'põe', 'timestamp': (0.14, 0.26)}, {'text': 'no', 'timestamp': (0.28, 0.34)}, {'text': 'fim', 'timestamp': (0.38, 0.46)}, {'text': 'você', 'timestamp': (0.54, 0.64)}, {'text': 'paga', 'timestamp': (0.74, 0.9)}, {'text': 'os', 'timestamp': (0.98, 1.02)}, {'text': 'dez', 'timestamp': (1.06, 1.2)}];0,2857142857142857;0,25;0,3571428571428572;0,16666666666666666
./audios/SP_DID_250_1779.37858_1780.50535.wav;1779,37858;1780,50535;mas em todo caso;mas em todo caso;1,1267699999998513;mas em todo caso;;[{'text': 'mas', 'timestamp': (0.04, 0.14)}, {'text': 'em', 'timestamp': (0.2, 0.24)}, {'text': 'todo', 'timestamp': (0.3, 0.42)}, {'text': 'caso', 'timestamp': (0.56, 0.86)}];0,0;0,0;0,0;0,0
./audios/SP_DID_250_1780.90586_1782.82135.wav;1780,90586;1782,82135;num momento de aperto;num momento de aperto;1,9154899999998634;num momento de aperto;;[{'text': 'num', 'timestamp': (0.54, 0.68)}, {'text': 'momento', 'timestamp': (0.76, 1.1)}, {'text': 'de', 'timestamp': (1.18, 1.24)}, {'text': 'aperto', 'timestamp': (1.3, 1.76)}];0,0;0,0;0,0;0,0
./audios/SP_DID_250_1784.06351_1786.08418.wav;1784,06351;1786,08418;o indivíduo pode ter essa vantagem;o indivíduo pode ter essa vantagem;2,020670000000109;o indivíduo pode ter essa vontade;;[{'text': 'o', 'timestamp': (0.08, 0.1)}, {'text': 'indivíduo', 'timestamp': (0.18, 0.6)}, {'text': 'pode', 'timestamp': (0.78, 1.02)}, {'text': 'ter', 'timestamp': (1.18, 1.3)}, {'text': 'essa', 'timestamp': (1.36, 1.52)}, {'text': 'vontade', 'timestamp': (1.6, 1.94)}];0,16666666666666666;0,16666666666666666;0,30555555555555547;0,08823529411764706
./audios/SP_DID_250_1787.59958_1790.05489.wav;1787,59958;1790,05489;todavia embora a pergunta não inclua isto;todavia embora a pergunta não inclua isto;2,4553099999998267;todavia embora a pergunta não inclua isso;;[{'text': 'todavia', 'timestamp': (0.22, 0.64)}, {'text': 'embora', 'timestamp': (0.76, 1.04)}, {'text': 'a', 'timestamp': (1.1, 1.14)}, {'text': 'pergunta', 'timestamp': (1.22, 1.6)}, {'text': 'não', 'timestamp': (1.72, 1.82)}, {'text': 'inclua', 'timestamp': (1.88, 2.2)}, {'text': 'isso', 'timestamp': (2.28, 2.42)}];0,14285714285714285;0,14285714285714285;0,26530612244897966;0,024390243902439025
./audios/SP_DID_250_1790.80367_1792.22689.wav;1790,80367;1792,22689;eu acho preferível;eu acho preferível;1,4232199999999011;eu acho preferível;;[{'text': 'eu', 'timestamp': (0.12, 0.2)}, {'text': 'acho', 'timestamp': (0.3, 0.52)}, {'text': 'preferível', 'timestamp': (0.66, 1.34)}];0,0;0,0;0,0;0,0
./audios/SP_DID_250_1793.59095_1794.0437.wav;1793,59095;1794,0437;que::;que;0,4527499999999236;de;;[{'text': 'de', 'timestamp': (1.0, 1.1)}];1,0;1,0;1,0;0,6666666666666666
./audios/SP_DID_250_1795.90695_1798.2705.wav;1795,90695;1798,2705;a:: por exemplo essa modalidade;a por exemplo essa modalidade;2,363550000000032;ah por exemplo essa modalidade;;[{'text': 'ah', 'timestamp': (0.06, 0.12)}, {'text': 'por', 'timestamp': (0.46, 0.54)}, {'text': 'exemplo', 'timestamp': (0.6, 0.92)}, {'text': 'essa', 'timestamp': (1.06, 1.26)}, {'text': 'modalidade', 'timestamp': (1.36, 2.06)}];0,2;0,2;0,3599999999999999;0,034482758620689655
./audios/SP_DID_250_1798.99026_1800.01186.wav;1798,99026;1800,01186;do Cheque Ouro;do cheque ouro;1,021600000000035;do saque ouro;;[{'text': 'do', 'timestamp': (0.08, 0.16)}, {'text': 'saque', 'timestamp': (0.34, 0.62)}, {'text': 'ouro', 'timestamp': (0.72, 0.92)}];0,3333333333333333;0,3333333333333333;0,5555555555555556;0,21428571428571427
./audios/SP_DID_250_1801.19017_1804.10516.wav;1801,19017;1804,10516;que o Banco do Brasil começou e hoje outros bancos estão fazendo;que o banco do brasil começou e hoje outros bancos estão fazendo;2,914989999999989;e o banco do brasil começou e hoje outros bancos estão fazendo;;[{'text': 'e', 'timestamp': (0.06, 0.08)}, {'text': 'o', 'timestamp': (0.1, 0.12)}, {'text': 'banco', 'timestamp': (0.18, 0.32)}, {'text': 'do', 'timestamp': (0.4, 0.46)}, {'text': 'brasil', 'timestamp': (0.5, 0.78)}, {'text': 'começou', 'timestamp': (0.88, 1.28)}, {'text': 'e', 'timestamp': (1.38, 1.4)}, {'text': 'hoje', 'timestamp': (1.46, 1.64)}, {'text': 'outros', 'timestamp': (1.68, 1.88)}, {'text': 'bancos', 'timestamp': (1.98, 2.18)}, {'text': 'estão', 'timestamp': (2.22, 2.38)}, {'text': 'fazendo', 'timestamp': (2.5, 2.84)}];0,08333333333333333;0,08333333333333333;0,15972222222222232;0,03125
./audios/SP_DID_250_1805.81168_1808.88339.wav;1805,81168;1808,88339;a pessoa durante três meses tem que se sujeitar a deixar;a pessoa durante três meses tem que se sujeitar a deixar;3,071709999999939;a pessoa durante três meses tem que se sujeitar a deixar;;[{'text': 'a', 'timestamp': (0.04, 0.06)}, {'text': 'pessoa', 'timestamp': (0.14, 0.44)}, {'text': 'durante', 'timestamp': (0.52, 0.72)}, {'text': 'três', 'timestamp': (0.8, 1.0)}, {'text': 'meses', 'timestamp': (1.08, 1.3)}, {'text': 'tem', 'timestamp': (1.4, 1.48)}, {'text': 'que', 'timestamp': (1.54, 1.6)}, {'text': 'se', 'timestamp': (1.64, 1.7)}, {'text': 'sujeitar', 'timestamp': (1.78, 2.28)}, {'text': 'a', 'timestamp': (2.44, 2.46)}, {'text': 'deixar', 'timestamp': (2.56, 2.98)}];0,0;0,0;0,0;0,0
./audios/SP_DID_250_1809.63797_1811.68697.wav;1809,63797;1811,68697;imobilizado ali no banco se puder;imobilizado ali no banco se puder;2,048999999999978;imobilizado ali no banco se puder;;[{'text': 'imobilizado', 'timestamp': (0.06, 0.84)}, {'text': 'ali', 'timestamp': (0.92, 1.02)}, {'text': 'no', 'timestamp': (1.08, 1.16)}, {'text': 'banco', 'timestamp': (1.22, 1.42)}, {'text': 'se', 'timestamp': (1.56, 1.6)}, {'text': 'puder', 'timestamp': (1.7, 1.98)}];0,0;0,0;0,0;0,0
./audios/SP_DID_250_1812.15133_1813.20886.wav;1812,15133;1813,20886;uma importância xis;uma importância xis;1,0575300000000425;uma importância a filha;;[{'text': 'uma', 'timestamp': (0.08, 0.14)}, {'text': 'importância', 'timestamp': (0.2, 0.72)}, {'text': 'a', 'timestamp': (0.74, 0.78)}, {'text': 'filha', 'timestamp': (0.9, 1.02)}];0,6666666666666666;0,5;0,6666666666666667;0,3157894736842105
./audios/SP_DID_250_1815.1882_1816.63381.wav;1815,1882;1816,63381;se ele puder deixar por exemplo;se ele puder deixar por exemplo;1,4456099999999878;se ele puder deixar por exemplo;;[{'text': 'se', 'timestamp': (0.0, 0.04)}, {'text': 'ele', 'timestamp': (0.06, 0.16)}, {'text': 'puder', 'timestamp': (0.2, 0.4)}, {'text': 'deixar', 'timestamp': (0.44, 0.74)}, {'text': 'por', 'timestamp': (0.88, 0.96)}, {'text': 'exemplo', 'timestamp': (1.02, 1.34)}];0,0;0,0;0,0;0,0
./audios/SP_DID_250_1817.74361_1818.61787.wav;1817,74361;1818,61787;seis mil cruzeiros;seis mil cruzeiros;0,8742600000000493;seis mil cruzeiros;;[{'text': 'seis', 'timestamp': (1.0, 1.16)}, {'text': 'mil', 'timestamp': (1.24, 1.34)}, {'text': 'cruzeiros', 'timestamp': (1.42, 1.86)}];0,0;0,0;0,0;0,0
./audios/SP_DID_250_1821.0538_1823.21826.wav;1821,0538;1823,21826;no fim de três meses ele faz um contrato com o banco;no fim de três meses ele faz um contrato com o banco;2,16446000000019;no fim de três meses ele faz um contrato com o banco;;[{'text': 'no', 'timestamp': (0.04, 0.1)}, {'text': 'fim', 'timestamp': (0.16, 0.26)}, {'text': 'de', 'timestamp': (0.28, 0.34)}, {'text': 'três', 'timestamp': (0.38, 0.56)}, {'text': 'meses', 'timestamp': (0.64, 0.8)}, {'text': 'ele', 'timestamp': (0.88, 0.96)}, {'text': 'faz', 'timestamp': (1.02, 1.16)}, {'text': 'um', 'timestamp': (1.24, 1.3)}, {'text': 'contrato', 'timestamp': (1.34, 1.7)}, {'text': 'com', 'timestamp': (1.8, 1.86)}, {'text': 'o', 'timestamp': (1.88, 1.92)}, {'text': 'banco', 'timestamp': (1.98, 2.1)}];0,0;0,0;0,0;0,0
./audios/SP_DID_250_1825.2662_1827.10179.wav;1825,2662;1827,10179;e:: ele tem o direito;e ele tem o direito;1,835589999999911;e ele tem o direito;;[{'text': 'e', 'timestamp': (0.04, 0.06)}, {'text': 'ele', 'timestamp': (0.56, 0.7)}, {'text': 'tem', 'timestamp': (0.86, 1.0)}, {'text': 'o', 'timestamp': (1.08, 1.1)}, {'text': 'direito', 'timestamp': (1.18, 1.58)}];0,0;0,0;0,0;0,0
./audios/SP_DID_250_1828.14772_1829.17253.wav;1828,14772;1829,17253;de durante;de durante;1,024810000000116;do durante;;[{'text': 'do', 'timestamp': (0.1, 0.16)}, {'text': 'durante', 'timestamp': (0.52, 0.88)}];0,5;0,5;0,75;0,1
./audios/SP_DID_250_1829.3881_1832.5525.wav;1829,3881;1832,5525;seis meses levantar até vinte mil cruzeiros;seis meses levantar até vinte mil cruzeiros;3,1644000000001142;foi os meses e levantar até mil cruzeiros;;[{'text': 'foi', 'timestamp': (0.02, 0.1)}, {'text': 'os', 'timestamp': (0.18, 0.24)}, {'text': 'meses', 'timestamp': (0.34, 0.58)}, {'text': 'e', 'timestamp': (0.68, 0.72)}, {'text': 'levantar', 'timestamp': (0.76, 1.26)}, {'text': 'até', 'timestamp': (1.48, 1.7)}, {'text': 'mil', 'timestamp': (2.44, 2.54)}, {'text': 'cruzeiros', 'timestamp': (2.64, 3.1)}];0,5714285714285714;0,4444444444444444;0,5535714285714286;0,27906976744186046
./audios/SP_DID_250_1834.93385_1838.17528.wav;1834,93385;1838,17528;pagando um juro ao redor de dois por cento;pagando um juro ao redor de dois por cento;3,2414300000000367;pagando um juro ao redor de dois;;[{'text': 'pagando', 'timestamp': (0.06, 0.52)}, {'text': 'um', 'timestamp': (0.78, 0.88)}, {'text': 'juro', 'timestamp': (1.04, 1.32)}, {'text': 'ao', 'timestamp': (1.7, 1.76)}, {'text': 'redor', 'timestamp': (1.88, 2.18)}, {'text': 'de', 'timestamp': (2.24, 2.3)}, {'text': 'dois', 'timestamp': (2.5, 2.72)}];0,2222222222222222;0,2222222222222222;0,2222222222222222;0,23809523809523808
./audios/SP_DID_250_1838.17528_1839.49678.wav;1838,17528;1839,49678;mas seis meses;mas seis meses;1,3215000000000146;mais seis meses;;[{'text': 'mais', 'timestamp': (0.12, 0.28)}, {'text': 'seis', 'timestamp': (0.48, 0.72)}, {'text': 'meses', 'timestamp': (0.84, 1.24)}];0,3333333333333333;0,3333333333333333;0,5555555555555556;0,07142857142857142
./audios/SP_DID_250_1840.18143_1842.61076.wav;1840,18143;1842,61076;então se ele tiver juízo se ele tiver um aperto;então se ele tiver juízo se ele tiver um aperto;2,4293299999999363;então se ele tiver juízo e tiver um aperto;;[{'text': 'então', 'timestamp': (0.06, 0.26)}, {'text': 'se', 'timestamp': (0.36, 0.4)}, {'text': 'ele', 'timestamp': (0.44, 0.54)}, {'text': 'tiver', 'timestamp': (0.62, 0.82)}, {'text': 'juízo', 'timestamp': (0.94, 1.3)}, {'text': 'e', 'timestamp': (1.56, 1.58)}, {'text': 'tiver', 'timestamp': (1.66, 1.9)}, {'text': 'um', 'timestamp': (1.96, 2.0)}, {'text': 'aperto', 'timestamp': (2.08, 2.4)}];0,2;0,2;0,28888888888888886;0,10638297872340426
./audios/SP_DID_250_1843.50528_1845.17537.wav;1843,50528;1845,17537;se ele precisar de dez mil cruzeiros;se ele precisar de dez mil cruzeiros;1,6700899999998455;e precisar de dez mil cruzeiros;;[{'text': 'e', 'timestamp': (0.04, 0.06)}, {'text': 'precisar', 'timestamp': (0.16, 0.54)}, {'text': 'de', 'timestamp': (0.62, 0.66)}, {'text': 'dez', 'timestamp': (0.8, 0.96)}, {'text': 'mil', 'timestamp': (1.04, 1.12)}, {'text': 'cruzeiros', 'timestamp': (1.22, 1.64)}];0,2857142857142857;0,2857142857142857;0,40476190476190477;0,1388888888888889
./audios/SP_DID_250_1846.04556_1847.74889.wav;1846,04556;1847,74889;em lugar de assinar um papagaio;em lugar de assinar um papagaio;1,7033300000000509;em lugar de assinar um papagaio;;[{'text': 'em', 'timestamp': (0.04, 0.08)}, {'text': 'lugar', 'timestamp': (0.14, 0.34)}, {'text': 'de', 'timestamp': (0.42, 0.46)}, {'text': 'assinar', 'timestamp': (0.5, 0.78)}, {'text': 'um', 'timestamp': (0.84, 0.88)}, {'text': 'papagaio', 'timestamp': (0.98, 1.6)}];0,0;0,0;0,0;0,0
./audios/SP_DID_250_1848.6994_1849.84417.wav;1848,6994;1849,84417;num banco qualquer;num banco qualquer;1,1447700000001078;num banco qualquer;;[{'text': 'num', 'timestamp': (0.06, 0.18)}, {'text': 'banco', 'timestamp': (0.28, 0.48)}, {'text': 'qualquer', 'timestamp': (0.6, 1.0)}];0,0;0,0;0,0;0,0
./audios/SP_DID_250_1850.77785_1852.932.wav;1850,77785;1852,932;ele vai lá e saca dez mil cruzeiros;ele vai lá e saca dez mil cruzeiros;2,1541500000000724;ele vai lá e saca dez mil cruzeiro;;[{'text': 'ele', 'timestamp': (0.04, 0.16)}, {'text': 'vai', 'timestamp': (0.22, 0.36)}, {'text': 'lá', 'timestamp': (0.42, 0.46)}, {'text': 'e', 'timestamp': (0.56, 0.6)}, {'text': 'saca', 'timestamp': (0.74, 1.06)}, {'text': 'dez', 'timestamp': (1.18, 1.36)}, {'text': 'mil', 'timestamp': (1.46, 1.56)}, {'text': 'cruzeiro', 'timestamp': (1.68, 2.08)}];0,125;0,125;0,234375;0,02857142857142857
./audios/SP_DID_250_1853.92456_1855.64472.wav;1853,92456;1855,64472;e tem seis meses para pagar;e tem seis meses para pagar;1,720160000000078;e tem seis meses pra pagar;;[{'text': 'e', 'timestamp': (0.02, 0.04)}, {'text': 'tem', 'timestamp': (0.16, 0.26)}, {'text': 'seis', 'timestamp': (0.46, 0.68)}, {'text': 'meses', 'timestamp': (0.78, 1.16)}, {'text': 'pra', 'timestamp': (1.24, 1.34)}, {'text': 'pagar', 'timestamp': (1.42, 1.66)}];0,16666666666666666;0,16666666666666666;0,30555555555555547;0,037037037037037035
./audios/SP_DID_250_1856.91987_1857.37409.wav;1856,91987;1857,37409;quer dizer;quer dizer;0,45422000000007756;fazer;;[{'text': 'fazer', 'timestamp': (0.98, 1.32)}];1,0;1,0;1,0;0,7
./audios/SP_DID_250_1858.16057_1859.76296.wav;1858,16057;1859,76296;s/ se ele ele calcula;s se ele ele calcula;1,602390000000014;se one ele calcula;;[{'text': 'se', 'timestamp': (0.0, 0.4)}, {'text': 'one', 'timestamp': (0.48, 0.62)}, {'text': 'ele', 'timestamp': (0.74, 0.86)}, {'text': 'calcula', 'timestamp': (0.98, 1.46)}];0,4;0,4;0,55;0,2
./audios/SP_DID_250_1860.28027_1862.23255.wav;1860,28027;1862,23255;as suas possibilidades mensais;as suas possibilidades mensais;1,9522799999999734;as suas possibilidades mensagem;;[{'text': 'as', 'timestamp': (0.06, 0.12)}, {'text': 'suas', 'timestamp': (0.18, 0.34)}, {'text': 'possibilidades', 'timestamp': (0.46, 1.22)}, {'text': 'mensagem', 'timestamp': (1.44, 1.92)}];0,25;0,25;0,4375;0,1
./audios/SP_DID_250_1862.79192_1863.98635.wav;1862,79192;1863,98635;dentro da sua renda mensal;dentro da sua renda mensal;1,1944300000000112;dentro da sua renda mensal;;[{'text': 'dentro', 'timestamp': (0.04, 0.18)}, {'text': 'da', 'timestamp': (0.24, 0.3)}, {'text': 'sua', 'timestamp': (0.38, 0.5)}, {'text': 'renda', 'timestamp': (0.58, 0.76)}, {'text': 'mensal', 'timestamp': (0.84, 1.14)}];0,0;0,0;0,0;0,0
./audios/SP_DID_250_1864.55494_1865.16477.wav;1864,55494;1865,16477;se ele pode;se ele pode;0,6098300000001018;se ele pode;;[{'text': 'se', 'timestamp': (1.0, 1.04)}, {'text': 'ele', 'timestamp': (1.06, 1.18)}, {'text': 'pode', 'timestamp': (1.32, 1.58)}];0,0;0,0;0,0;0,0
./audios/SP_DID_250_1865.61479_1867.89431.wav;1865,61479;1867,89431;ir mensalmente depositando no banco;ir mensalmente depositando no banco;2,2795199999998204;ir mensalmente depositando no banco;;[{'text': 'ir', 'timestamp': (0.06, 0.18)}, {'text': 'mensalmente', 'timestamp': (0.34, 0.9)}, {'text': 'depositando', 'timestamp': (1.1, 1.8)}, {'text': 'no', 'timestamp': (1.9, 1.96)}, {'text': 'banco', 'timestamp': (2.06, 2.24)}];0,0;0,0;0,0;0,0
./audios/SP_DID_250_1869.35872_1871.62563.wav;1869,35872;1871,62563;m::il e quinhentos ou dois mil cruzeiros;mil e quinhentos ou dois mil cruzeiros;2,2669100000000526;mil e quinhentos sou das de mil cruzeiros;;[{'text': 'mil', 'timestamp': (0.32, 0.6)}, {'text': 'e', 'timestamp': (0.68, 0.7)}, {'text': 'quinhentos', 'timestamp': (0.76, 1.22)}, {'text': 'sou', 'timestamp': (1.32, 1.38)}, {'text': 'das', 'timestamp': (1.48, 1.64)}, {'text': 'de', 'timestamp': (1.66, 1.7)}, {'text': 'mil', 'timestamp': (1.76, 1.84)}, {'text': 'cruzeiros', 'timestamp': (1.9, 2.24)}];0,42857142857142855;0,375;0,5535714285714286;0,15789473684210525
./audios/SP_DID_250_1871.83592_1872.16898.wav;1871,83592;1872,16898;que seja;que seja;0,3330599999999322;coisa;;[{'text': 'coisa', 'timestamp': (1.0, 1.26)}];1,0;1,0;1,0;0,75
./audios/SP_DID_250_1873.07742_1874.7181.wav;1873,07742;1874,7181;em seis meses ele cobriu a dívida;em seis meses ele cobriu a dívida;1,6406799999999748;em seis meses ele cobriu a diva;;[{'text': 'em', 'timestamp': (0.04, 0.08)}, {'text': 'seis', 'timestamp': (0.18, 0.36)}, {'text': 'meses', 'timestamp': (0.42, 0.6)}, {'text': 'ele', 'timestamp': (0.66, 0.72)}, {'text': 'cobriu', 'timestamp': (0.82, 1.06)}, {'text': 'a', 'timestamp': (1.14, 1.18)}, {'text': 'diva', 'timestamp': (1.22, 1.48)}];0,14285714285714285;0,14285714285714285;0,26530612244897966;0,09090909090909091
./audios/SP_DID_250_1875.02469_1875.70182.wav;1875,02469;1875,70182;pagou JUros;pagou juros;0,6771300000000338;pagou juro;;[{'text': 'pagou', 'timestamp': (1.0, 1.24)}, {'text': 'juro', 'timestamp': (1.36, 1.6)}];0,5;0,5;0,75;0,09090909090909091
./audios/SP_DID_250_1876.1232_1876.91388.wav;1876,1232;1876,91388;mas cobriu a dívida;mas cobriu a dívida;0,7906800000000658;mas cobriu a diva;;[{'text': 'mas', 'timestamp': (1.04, 1.12)}, {'text': 'cobriu', 'timestamp': (1.2, 1.4)}, {'text': 'a', 'timestamp': (1.48, 1.5)}, {'text': 'diva', 'timestamp': (1.56, 1.88)}];0,25;0,25;0,4375;0,15789473684210525
./audios/SP_DID_250_1877.41016_1878.88638.wav;1877,41016;1878,88638;é menos oneroso do que;é menos oneroso do que;1,476220000000012;é menos oneroso do que;;[{'text': 'é', 'timestamp': (0.02, 0.04)}, {'text': 'menos', 'timestamp': (0.16, 0.42)}, {'text': 'oneroso', 'timestamp': (0.52, 0.98)}, {'text': 'do', 'timestamp': (1.08, 1.14)}, {'text': 'que', 'timestamp': (1.2, 1.28)}];0,0;0,0;0,0;0,0
./audios/SP_DID_250_1879.32378_1881.57747.wav;1879,32378;1881,57747; assinar uma promissória por sessenta ou noventa dias;assinar uma promissória por sessenta ou noventa dias;2,253690000000006;acionar uma promissória por ou dias;;[{'text': 'acionar', 'timestamp': (0.06, 0.32)}, {'text': 'uma', 'timestamp': (0.34, 0.42)}, {'text': 'promissória', 'timestamp': (0.46, 0.94)}, {'text': 'por', 'timestamp': (1.0, 1.08)}, {'text': 'ou', 'timestamp': (1.58, 1.62)}, {'text': 'dias', 'timestamp': (2.08, 2.22)}];0,375;0,375;0,47916666666666663;0,38461538461538464
./audios/SP_DID_250_1882.30976_1884.38552.wav;1882,30976;1884,38552;mas sendo depositante num banco ele;mas sendo depositante num banco ele;2,0757599999999456;mas sendo o depositante num banco e;;[{'text': 'mas', 'timestamp': (0.08, 0.22)}, {'text': 'sendo', 'timestamp': (0.34, 0.5)}, {'text': 'o', 'timestamp': (0.54, 0.58)}, {'text': 'depositante', 'timestamp': (0.62, 1.26)}, {'text': 'num', 'timestamp': (1.38, 1.48)}, {'text': 'banco', 'timestamp': (1.58, 1.8)}, {'text': 'e', 'timestamp': (1.92, 1.94)}];0,3333333333333333;0,2857142857142857;0,40476190476190477;0,11428571428571428
./audios/SP_DID_250_1884.5097_1885.38907.wav;1884,5097;1885,38907;pode fazer isso;pode fazer isso;0,8793699999998807;pode fazer isso;;[{'text': 'pode', 'timestamp': (1.02, 1.18)}, {'text': 'fazer', 'timestamp': (1.3, 1.52)}, {'text': 'isso', 'timestamp': (1.6, 1.8)}];0,0;0,0;0,0;0,0
./audios/SP_DID_250_1891.56233_1892.58426.wav;1891,56233;1892,58426;bem os bancos;bem os bancos;1,0219300000001112;daí os bancos;;[{'text': 'daí', 'timestamp': (0.06, 0.22)}, {'text': 'os', 'timestamp': (0.36, 0.42)}, {'text': 'bancos', 'timestamp': (0.52, 0.92)}];0,3333333333333333;0,3333333333333333;0,5555555555555556;0,23076923076923078
./audios/SP_DID_250_1893.78758_1894.59136.wav;1893,78758;1894,59136;fornecem;fornecem;0,8037799999999606;fornece;;[{'text': 'fornece', 'timestamp': (1.0, 1.56)}];1,0;1,0;1,0;0,125
./audios/SP_DID_250_1895.38922_1898.52832.wav;1895,38922;1898,52832;é verdade que eles não fornecem com a presteza necessária;é verdade que eles não fornecem com a presteza necessária;3,139099999999871;é verdade que eles não fornecem com a presteza necessária;;[{'text': 'é', 'timestamp': (0.02, 0.04)}, {'text': 'verdade', 'timestamp': (0.14, 0.38)}, {'text': 'que', 'timestamp': (0.46, 0.54)}, {'text': 'eles', 'timestamp': (0.56, 0.66)}, {'text': 'não', 'timestamp': (0.7, 0.82)}, {'text': 'fornecem', 'timestamp': (0.88, 1.38)}, {'text': 'com', 'timestamp': (1.5, 1.58)}, {'text': 'a', 'timestamp': (1.64, 1.66)}, {'text': 'presteza', 'timestamp': (1.76, 2.26)}, {'text': 'necessária', 'timestamp': (2.36, 3.04)}];0,0;0,0;0,0;0,0
./audios/SP_DID_250_1899.43735_1901.66868.wav;1899,43735;1901,66868;o que se chama um extrato de conta;o que se chama um extrato de conta;2,231330000000071;o que se chama o estrato de conta;;[{'text': 'o', 'timestamp': (0.16, 0.18)}, {'text': 'que', 'timestamp': (0.24, 0.32)}, {'text': 'se', 'timestamp': (0.42, 0.48)}, {'text': 'chama', 'timestamp': (0.6, 0.78)}, {'text': 'o', 'timestamp': (0.98, 1.0)}, {'text': 'estrato', 'timestamp': (1.08, 1.58)}, {'text': 'de', 'timestamp': (1.68, 1.72)}, {'text': 'conta', 'timestamp': (1.84, 2.14)}];0,25;0,25;0,4375;0,08823529411764706
./audios/SP_DID_250_1903.35595_1904.29114.wav;1903,35595;1904,29114;que demonstra;que demonstra;0,9351900000001478;que demonstra;;[{'text': 'que', 'timestamp': (1.0, 1.06)}, {'text': 'demonstra', 'timestamp': (1.16, 1.7)}];0,0;0,0;0,0;0,0
./audios/SP_DID_250_1904.61159_1905.59256.wav;1904,61159;1905,59256;num período;num período;0,9809700000000703;num período;;[{'text': 'num', 'timestamp': (1.08, 1.18)}, {'text': 'período', 'timestamp': (1.26, 1.7)}];0,0;0,0;0,0;0,0
./audios/SP_DID_250_1906.06997_1906.54209.wav;1906,06997;1906,54209;de mês;de mês;0,4721199999999044;dele;;[{'text': 'dele', 'timestamp': (1.06, 1.26)}];1,0;1,0;1,0;0,6666666666666666
./audios/SP_DID_250_1907.64732_1907.95469.wav;1907,64732;1907,95469;entendeu?;entendeu;0,3073699999999917;e deu;;[{'text': 'e', 'timestamp': (1.04, 1.06)}, {'text': 'deu', 'timestamp': (1.12, 1.22)}];2,0;1,0;1,0;0,5
./audios/SP_DID_250_1909.0076_1909.79237.wav;1909,0076;1909,79237;demonstra;demonstra;0,7847699999999804;demonstra;;[{'text': 'demonstra', 'timestamp': (1.08, 1.62)}];0,0;0,0;0,0;0,0
./audios/SP_DID_250_1910.44635_1911.59736.wav;1910,44635;1911,59736;ah:::;ah;1,151010000000042;ah;;[{'text': 'ah', 'timestamp': (0.08, 0.18)}];0,0;0,0;0,0;0,0
./audios/SP_DID_250_1913.15509_1914.67886.wav;1913,15509;1914,67886;os depósitos que foram feitos;os depósitos que foram feitos;1,5237700000000132;os depósitos que foram feitos;;[{'text': 'os', 'timestamp': (0.12, 0.16)}, {'text': 'depósitos', 'timestamp': (0.22, 0.82)}, {'text': 'que', 'timestamp': (0.88, 0.96)}, {'text': 'foram', 'timestamp': (1.04, 1.2)}, {'text': 'feitos', 'timestamp': (1.32, 1.48)}];0,0;0,0;0,0;0,0
./audios/SP_DID_250_1916.58848_1918.91137.wav;1916,58848;1918,91137;aquilo que você depositou durante esse período;aquilo que você depositou durante esse período;2,322890000000143;aquilo que você depositou durante esse período;;[{'text': 'aquilo', 'timestamp': (0.06, 0.3)}, {'text': 'que', 'timestamp': (0.38, 0.44)}, {'text': 'você', 'timestamp': (0.52, 0.7)}, {'text': 'depositou', 'timestamp': (0.82, 1.42)}, {'text': 'durante', 'timestamp': (1.52, 1.74)}, {'text': 'esse', 'timestamp': (1.82, 1.94)}, {'text': 'período', 'timestamp': (2.0, 2.24)}];0,0;0,0;0,0;0,0
./audios/SP_DID_250_1919.2122_1920.56209.wav;1919,2122;1920,56209;e aquilo que você retirou;e aquilo que você retirou;1,3498899999999594;e aquilo que você retirou;;[{'text': 'e', 'timestamp': (0.06, 0.08)}, {'text': 'aquilo', 'timestamp': (0.14, 0.36)}, {'text': 'que', 'timestamp': (0.42, 0.5)}, {'text': 'você', 'timestamp': (0.56, 0.72)}, {'text': 'retirou', 'timestamp': (0.86, 1.22)}];0,0;0,0;0,0;0,0
./audios/SP_DID_250_1921.16106_1921.94611.wav;1921,16106;1921,94611;em cheques;em cheques;0,785050000000183;em sax;;[{'text': 'em', 'timestamp': (1.04, 1.12)}, {'text': 'sax', 'timestamp': (1.22, 1.52)}];0,5;0,5;0,75;0,7
./audios/SP_DID_250_1923.61316_1926.16184.wav;1923,61316;1926,16184;então através disso você está controlando;então através disso você está controlando;2,5486799999998766;então através disso você está controlando;;[{'text': 'então', 'timestamp': (0.12, 0.38)}, {'text': 'através', 'timestamp': (0.56, 1.0)}, {'text': 'disso', 'timestamp': (1.08, 1.3)}, {'text': 'você', 'timestamp': (1.38, 1.54)}, {'text': 'está', 'timestamp': (1.64, 1.76)}, {'text': 'controlando', 'timestamp': (1.9, 2.38)}];0,0;0,0;0,0;0,0
./audios/SP_DID_250_1926.57184_1928.96589.wav;1926,57184;1928,96589; isto digamos é o controle::;isto digamos é o controle;2,394049999999879;isso digamos é o controle;;[{'text': 'isso', 'timestamp': (0.04, 0.22)}, {'text': 'digamos', 'timestamp': (0.32, 0.74)}, {'text': 'é', 'timestamp': (0.94, 0.96)}, {'text': 'o', 'timestamp': (1.06, 1.08)}, {'text': 'controle', 'timestamp': (1.22, 1.82)}];0,2;0,2;0,3599999999999999;0,04
./audios/SP_DID_250_1929.11964_1929.75659.wav;1929,11964;1929,75659;formal;formal;0,6369500000000698;formal;;[{'text': 'formal', 'timestamp': (1.0, 1.5)}];0,0;0,0;0,0;0,0
./audios/SP_DID_250_1930.6205_1931.93242.wav;1930,6205;1931,93242;por assim dizer oficial;por assim dizer oficial;1,3119200000001001;por assim dizer oficial;;[{'text': 'por', 'timestamp': (0.04, 0.12)}, {'text': 'assim', 'timestamp': (0.14, 0.3)}, {'text': 'dizer', 'timestamp': (0.38, 0.54)}, {'text': 'oficial', 'timestamp': (0.78, 1.24)}];0,0;0,0;0,0;0,0
./audios/SP_DID_250_1932.42155_1934.43501.wav;1932,42155;1934,43501;mas também na sua caderneta de cheques;mas também na sua caderneta de cheques;2,0134599999998954;mas também na sua cadeamenta de cheques;;[{'text': 'mas', 'timestamp': (0.08, 0.16)}, {'text': 'também', 'timestamp': (0.24, 0.5)}, {'text': 'na', 'timestamp': (0.58, 0.64)}, {'text': 'sua', 'timestamp': (0.74, 0.84)}, {'text': 'cadeamenta', 'timestamp': (0.94, 1.46)}, {'text': 'de', 'timestamp': (1.54, 1.6)}, {'text': 'cheques', 'timestamp': (1.7, 1.98)}];0,14285714285714285;0,14285714285714285;0,26530612244897966;0,07894736842105263
./audios/SP_DID_250_1934.43501_1935.72217.wav;1934,43501;1935,72217;se você for cuidadosa;se você for cuidadosa;1,2871600000000853;se você for cuidar do gado;;[{'text': 'se', 'timestamp': (0.04, 0.1)}, {'text': 'você', 'timestamp': (0.16, 0.32)}, {'text': 'for', 'timestamp': (0.44, 0.54)}, {'text': 'cuidar', 'timestamp': (0.62, 0.84)}, {'text': 'do', 'timestamp': (0.94, 0.98)}, {'text': 'gado', 'timestamp': (1.06, 1.22)}];0,75;0,5;0,625;0,2857142857142857
./audios/SP_DID_250_1935.72217_1936.45673.wav;1935,72217;1936,45673;você controla;você controla;0,7345600000001014;você comprá-la;;[{'text': 'você', 'timestamp': (0.98, 1.1)}, {'text': 'comprá-la', 'timestamp': (1.22, 1.68)}];0,5;0,5;0,75;0,3076923076923077
./audios/SP_DID_250_1937.60281_1940.86373.wav;1937,60281;1940,86373;porque você tem você assentou que você tem cinco mil cruzeiros no banco;porque você tem você assentou que você tem cinco mil cruzeiros no banco;3,260919999999942;porque você assentou que você tem cinco mil cruzeiros no banco;;[{'text': 'porque', 'timestamp': (0.02, 0.2)}, {'text': 'você', 'timestamp': (0.3, 1.12)}, {'text': 'assentou', 'timestamp': (1.18, 1.54)}, {'text': 'que', 'timestamp': (1.6, 1.66)}, {'text': 'você', 'timestamp': (1.68, 1.78)}, {'text': 'tem', 'timestamp': (1.88, 1.98)}, {'text': 'cinco', 'timestamp': (2.1, 2.28)}, {'text': 'mil', 'timestamp': (2.38, 2.46)}, {'text': 'cruzeiros', 'timestamp': (2.54, 2.92)}, {'text': 'no', 'timestamp': (2.98, 3.04)}, {'text': 'banco', 'timestamp': (3.08, 3.22)}];0,15384615384615385;0,15384615384615385;0,15384615384615385;0,1267605633802817
./audios/SP_DID_250_1941.64865_1942.98379.wav;1941,64865;1942,98379;e no cheque número tal;e no cheque número tal;1,3351399999999103;e no cheque número tal;;[{'text': 'e', 'timestamp': (0.04, 0.06)}, {'text': 'no', 'timestamp': (0.14, 0.2)}, {'text': 'cheque', 'timestamp': (0.34, 0.6)}, {'text': 'número', 'timestamp': (0.68, 0.92)}, {'text': 'tal', 'timestamp': (1.06, 1.22)}];0,0;0,0;0,0;0,0
./audios/SP_DID_250_1943.37333_1944.40981.wav;1943,37333;1944,40981;você retirou mil;você retirou mil;1,0364800000002106;você que tirou um bill;;[{'text': 'você', 'timestamp': (0.04, 0.18)}, {'text': 'que', 'timestamp': (0.26, 0.36)}, {'text': 'tirou', 'timestamp': (0.44, 0.6)}, {'text': 'um', 'timestamp': (0.62, 0.68)}, {'text': 'bill', 'timestamp': (0.74, 0.94)}];1,3333333333333333;0,8;0,9333333333333333;0,4375
./audios/SP_DID_250_1944.98282_1947.89641.wav;1944,98282;1947,89641;então no canhotinho do cheque você faz a subtração;então no canhotinho do cheque você faz a subtração;2,913590000000113;então no canhotinho do cheque você faz a subtração;;[{'text': 'então', 'timestamp': (0.04, 0.22)}, {'text': 'no', 'timestamp': (0.3, 0.36)}, {'text': 'canhotinho', 'timestamp': (0.44, 1.02)}, {'text': 'do', 'timestamp': (1.08, 1.14)}, {'text': 'cheque', 'timestamp': (1.28, 1.54)}, {'text': 'você', 'timestamp': (1.64, 1.8)}, {'text': 'faz', 'timestamp': (1.94, 2.08)}, {'text': 'a', 'timestamp': (2.14, 2.16)}, {'text': 'subtração', 'timestamp': (2.24, 2.84)}];0,0;0,0;0,0;0,0
./audios/SP_DID_250_1948.45813_1949.15074.wav;1948,45813;1949,15074;cinco menos um;cinco menos um;0,6926100000000588;cinco menos um;;[{'text': 'cinco', 'timestamp': (1.0, 1.2)}, {'text': 'menos', 'timestamp': (1.3, 1.5)}, {'text': 'um', 'timestamp': (1.58, 1.64)}];0,0;0,0;0,0;0,0
./audios/SP_DID_250_1949.15074_1949.68274.wav;1949,15074;1949,68274;quarto;quarto;0,5319999999999254;quatro;;[{'text': 'quatro', 'timestamp': (1.08, 1.46)}];1,0;1,0;1,0;0,3333333333333333
./audios/SP_DID_250_1950.05069_1951.51622.wav;1950,05069;1951,51622;então na data daquele cheque;então na data daquele cheque;1,4655299999999443;então na data daquele chefe;;[{'text': 'então', 'timestamp': (0.04, 0.24)}, {'text': 'na', 'timestamp': (0.32, 0.38)}, {'text': 'data', 'timestamp': (0.52, 0.78)}, {'text': 'daquele', 'timestamp': (0.86, 1.14)}, {'text': 'chefe', 'timestamp': (1.24, 1.42)}];0,2;0,2;0,3599999999999999;0,07142857142857142
./audios/SP_DID_250_1952.46721_1953.21577.wav;1952,46721;1953,21577;mesmo o seu;mesmo o seu;0,7485599999999977;o o seu;;[{'text': 'o', 'timestamp': (1.1, 1.12)}, {'text': 'o', 'timestamp': (1.28, 1.3)}, {'text': 'seu', 'timestamp': (1.4, 1.56)}];0,3333333333333333;0,3333333333333333;0,5555555555555556;0,36363636363636365
./audios/SP_DID_250_1953.94026_1955.35499.wav;1953,94026;1955,35499;saldo passou a ser quatro mil;saldo passou a ser quatro mil;1,4147299999999632;talve passou a ser quatro mil;;[{'text': 'talve', 'timestamp': (0.04, 0.2)}, {'text': 'passou', 'timestamp': (0.32, 0.52)}, {'text': 'a', 'timestamp': (0.56, 0.6)}, {'text': 'ser', 'timestamp': (0.66, 0.74)}, {'text': 'quatro', 'timestamp': (0.86, 1.12)}, {'text': 'mil', 'timestamp': (1.22, 1.34)}];0,16666666666666666;0,16666666666666666;0,30555555555555547;0,10344827586206896
./audios/SP_DID_250_1957.63064_1962.50939.wav;1957,63064;1962,50939;(inversamente) se você depois dessa retirada ou desse pagamento de mil cruzeiros;inversamente se você depois dessa retirada ou desse pagamento de mil cruzeiros;4,8787499999998545;indecente se você depois dessa retirada ou desse pagamento de mil cruzeiros;;[{'text': 'indecente', 'timestamp': (0.08, 0.56)}, {'text': 'se', 'timestamp': (0.64, 0.7)}, {'text': 'você', 'timestamp': (0.82, 1.04)}, {'text': 'depois', 'timestamp': (1.34, 1.74)}, {'text': 'dessa', 'timestamp': (2.02, 2.26)}, {'text': 'retirada', 'timestamp': (2.36, 2.94)}, {'text': 'ou', 'timestamp': (3.2, 3.24)}, {'text': 'desse', 'timestamp': (3.3, 3.52)}, {'text': 'pagamento', 'timestamp': (3.62, 4.06)}, {'text': 'de', 'timestamp': (4.14, 4.18)}, {'text': 'mil', 'timestamp': (4.26, 4.34)}, {'text': 'cruzeiros', 'timestamp': (4.42, 4.8)}];0,08333333333333333;0,08333333333333333;0,15972222222222232;0,0641025641025641
./audios/SP_DID_250_1962.88014_1964.50188.wav;1962,88014;1964,50188;depositou dois mil;depositou dois mil;1,6217400000000453;depositou dois mil;;[{'text': 'depositou', 'timestamp': (0.06, 0.72)}, {'text': 'dois', 'timestamp': (1.12, 1.3)}, {'text': 'mil', 'timestamp': (1.38, 1.5)}];0,0;0,0;0,0;0,0
./audios/SP_DID_250_1965.84777_1969.30725.wav;1965,84777;1969,30725;--vamos figurar sempre a hipótese de que a gente deposita mais do que tira;vamos figurar sempre a hipótese de que a gente deposita mais do que tira;3,459479999999985;vamos figurar sempre a hipótese de que a gente deposita mais do que tia;;[{'text': 'vamos', 'timestamp': (0.16, 0.36)}, {'text': 'figurar', 'timestamp': (0.5, 0.76)}, {'text': 'sempre', 'timestamp': (0.88, 1.06)}, {'text': 'a', 'timestamp': (1.12, 1.14)}, {'text': 'hipótese', 'timestamp': (1.18, 1.58)}, {'text': 'de', 'timestamp': (1.64, 1.7)}, {'text': 'que', 'timestamp': (1.76, 1.84)}, {'text': 'a', 'timestamp': (1.86, 1.88)}, {'text': 'gente', 'timestamp': (1.94, 2.08)}, {'text': 'deposita', 'timestamp': (2.16, 2.66)}, {'text': 'mais', 'timestamp': (2.78, 2.94)}, {'text': 'do', 'timestamp': (2.98, 3.04)}, {'text': 'que', 'timestamp': (3.08, 3.14)}, {'text': 'tia', 'timestamp': (3.26, 3.4)}];0,07142857142857142;0,07142857142857142;0,1377551020408163;0,013888888888888888
./audios/SP_DID_250_1969.30725_1969.52984.wav;1969,30725;1969,52984;né?;né;0,22258999999985463;tá né;;[{'text': 'tá', 'timestamp': (0.98, 1.04)}, {'text': 'né', 'timestamp': (1.1, 1.14)}];1,0;0,5;0,5;1,5
./audios/SP_DID_250_1971.17499_1971.4.wav;1971,17499;1971,4;não é?--;não é;0,22501000000011118;lá;;[{'text': 'lá', 'timestamp': (1.02, 1.08)}];1,0;1,0;1,0;1,0
./audios/SP_DID_250_1971.98246_1972.46507.wav;1971,98246;1972,46507;então;então;0,4826100000000224;e tal;;[{'text': 'e', 'timestamp': (1.02, 1.04)}, {'text': 'tal', 'timestamp': (1.22, 1.4)}];2,0;1,0;1,0;0,6
./audios/SP_DID_250_1972.91483_1975.60881.wav;1972,91483;1975,60881;então se nesse meio tempo você depositou dois mil;então se nesse meio tempo você depositou dois mil;2,6939800000000105;então se nesse meio tempo pode ser depositou dois mil;;[{'text': 'então', 'timestamp': (0.1, 0.34)}, {'text': 'se', 'timestamp': (0.52, 0.6)}, {'text': 'nesse', 'timestamp': (0.7, 0.86)}, {'text': 'meio', 'timestamp': (0.9, 1.02)}, {'text': 'tempo', 'timestamp': (1.06, 1.2)}, {'text': 'pode', 'timestamp': (1.26, 1.4)}, {'text': 'ser', 'timestamp': (1.44, 1.52)}, {'text': 'depositou', 'timestamp': (1.6, 2.06)}, {'text': 'dois', 'timestamp': (2.18, 2.32)}, {'text': 'mil', 'timestamp': (2.4, 2.54)}];0,2222222222222222;0,2;0,28888888888888886;0,14285714285714285
./audios/SP_DID_250_1977.80148_1980.77299.wav;1977,80148;1980,77299;nesse momento você passa a ter o disponível;nesse momento você passa a ter o disponível;2,971509999999853;neste momento você passa a ter o disponível;;[{'text': 'neste', 'timestamp': (0.04, 0.26)}, {'text': 'momento', 'timestamp': (0.36, 0.64)}, {'text': 'você', 'timestamp': (0.76, 0.94)}, {'text': 'passa', 'timestamp': (1.12, 1.42)}, {'text': 'a', 'timestamp': (1.62, 1.64)}, {'text': 'ter', 'timestamp': (1.78, 1.9)}, {'text': 'o', 'timestamp': (1.96, 1.98)}, {'text': 'disponível', 'timestamp': (2.08, 2.84)}];0,125;0,125;0,234375;0,023255813953488372
./audios/SP_DID_250_1981.2794_1982.78824.wav;1981,2794;1982,78824;como eles dizem em linguagem bancária;como eles dizem em linguagem bancária;1,5088400000001911;como eles dizem linguagem bancária;;[{'text': 'como', 'timestamp': (0.0, 0.08)}, {'text': 'eles', 'timestamp': (0.12, 0.24)}, {'text': 'dizem', 'timestamp': (0.32, 0.58)}, {'text': 'linguagem', 'timestamp': (0.7, 1.04)}, {'text': 'bancária', 'timestamp': (1.12, 1.46)}];0,16666666666666666;0,16666666666666666;0,16666666666666663;0,08108108108108109
./audios/SP_DID_250_1983.14583_1985.007.wav;1983,14583;1985,007;o disponível de seis mil cruzeiros;o disponível de seis mil cruzeiros;1,8611700000001292;o disponível de seis mil cruzeiro;;[{'text': 'o', 'timestamp': (0.06, 0.08)}, {'text': 'disponível', 'timestamp': (0.18, 0.72)}, {'text': 'de', 'timestamp': (0.8, 0.84)}, {'text': 'seis', 'timestamp': (1.08, 1.26)}, {'text': 'mil', 'timestamp': (1.36, 1.44)}, {'text': 'cruzeiro', 'timestamp': (1.54, 1.8)}];0,16666666666666666;0,16666666666666666;0,30555555555555547;0,029411764705882353
./audios/SP_DID_250_1986.96701_1988.34181.wav;1986,96701;1988,34181;e assim você vai controlando;e assim você vai controlando;1,3747999999998228;e assim você vai controlando;;[{'text': 'e', 'timestamp': (0.06, 0.08)}, {'text': 'assim', 'timestamp': (0.14, 0.34)}, {'text': 'você', 'timestamp': (0.4, 0.56)}, {'text': 'vai', 'timestamp': (0.64, 0.74)}, {'text': 'controlando', 'timestamp': (0.84, 1.3)}];0,0;0,0;0,0;0,0
./audios/SP_DID_250_1989.12125_1991.54061.wav;1989,12125;1991,54061;agora é preciso depois confrontar;agora é preciso depois confrontar;2,419360000000097;agora é preciso depois confrontar;;[{'text': 'agora', 'timestamp': (0.18, 0.4)}, {'text': 'é', 'timestamp': (0.56, 0.58)}, {'text': 'preciso', 'timestamp': (0.72, 1.16)}, {'text': 'depois', 'timestamp': (1.28, 1.62)}, {'text': 'confrontar', 'timestamp': (1.76, 2.32)}];0,0;0,0;0,0;0,0
./audios/SP_DID_250_1992.09499_1993.14158.wav;1992,09499;1993,14158; os assentamentos;os assentamentos;1,0465899999999237;os assentamentos;;[{'text': 'os', 'timestamp': (0.1, 0.2)}, {'text': 'assentamentos', 'timestamp': (0.28, 1.02)}];0,0;0,0;0,0;0,0
./audios/SP_DID_250_1994.7231_1995.26236.wav;1994,7231;1995,26236;das suas;das suas;0,539260000000013;dasua;;[{'text': 'dasua', 'timestamp': (1.06, 1.44)}];1,0;1,0;1,0;0,375
./audios/SP_DID_250_1995.59031_1996.43688.wav;1995,59031;1996,43688;carteiras de cheque;carteiras de cheque;0,8465699999999288;carteiras de cheque;;[{'text': 'carteiras', 'timestamp': (1.0, 1.44)}, {'text': 'de', 'timestamp': (1.5, 1.56)}, {'text': 'cheque', 'timestamp': (1.64, 1.9)}];0,0;0,0;0,0;0,0
./audios/SP_DID_250_1998.09211_1999.72472.wav;1998,09211;1999,72472;com o extrato que o banco manda;com o extrato que o banco manda;1,632609999999886;com o estrato que o banco manda;;[{'text': 'com', 'timestamp': (0.04, 0.14)}, {'text': 'o', 'timestamp': (0.2, 0.24)}, {'text': 'estrato', 'timestamp': (0.3, 0.72)}, {'text': 'que', 'timestamp': (0.82, 0.9)}, {'text': 'o', 'timestamp': (0.94, 0.96)}, {'text': 'banco', 'timestamp': (1.02, 1.22)}, {'text': 'manda', 'timestamp': (1.34, 1.54)}];0,14285714285714285;0,14285714285714285;0,26530612244897966;0,03225806451612903
./audios/SP_DID_250_2000.70602_2003.56956.wav;2000,70602;2003,56956;e volta e meia a gente é surpreendido por algum engano;e volta e meia a gente é surpreendido por algum engano;2,86353999999983;e volta e meia a gente é surpreendido por algum engano;;[{'text': 'e', 'timestamp': (0.04, 0.06)}, {'text': 'volta', 'timestamp': (0.16, 0.34)}, {'text': 'e', 'timestamp': (0.42, 0.44)}, {'text': 'meia', 'timestamp': (0.52, 0.72)}, {'text': 'a', 'timestamp': (0.8, 0.82)}, {'text': 'gente', 'timestamp': (0.9, 1.1)}, {'text': 'é', 'timestamp': (1.38, 1.4)}, {'text': 'surpreendido', 'timestamp': (1.5, 1.98)}, {'text': 'por', 'timestamp': (2.08, 2.16)}, {'text': 'algum', 'timestamp': (2.22, 2.4)}, {'text': 'engano', 'timestamp': (2.48, 2.76)}];0,0;0,0;0,0;0,0
./audios/SP_DID_250_2004.40087_2005.00593.wav;2004,40087;2005,00593;o banco;o banco;0,6050600000000941;o banco;;[{'text': 'o', 'timestamp': (1.04, 1.06)}, {'text': 'banco', 'timestamp': (1.14, 1.44)}];0,0;0,0;0,0;0,0
./audios/SP_DID_250_2005.76242_2007.83483.wav;2005,76242;2007,83483;dificilmente se engana-rá pode ocorrer;dificilmente se enganará pode ocorrer;2,0724099999999908;dificilmente se enganará pode ocorrer;;[{'text': 'dificilmente', 'timestamp': (0.08, 0.76)}, {'text': 'se', 'timestamp': (0.84, 0.92)}, {'text': 'enganará', 'timestamp': (0.96, 1.3)}, {'text': 'pode', 'timestamp': (1.5, 1.66)}, {'text': 'ocorrer', 'timestamp': (1.72, 2.02)}];0,0;0,0;0,0;0,0
./audios/SP_DID_250_2008.49073_2009.65556.wav;2008,49073;2009,65556;a gente de vez em quando erra na;a gente de vez em quando erra na;1,164829999999938;a gente de vez em quando era;;[{'text': 'a', 'timestamp': (0.04, 0.06)}, {'text': 'gente', 'timestamp': (0.14, 0.3)}, {'text': 'de', 'timestamp': (0.34, 0.38)}, {'text': 'vez', 'timestamp': (0.4, 0.5)}, {'text': 'em', 'timestamp': (0.56, 0.6)}, {'text': 'quando', 'timestamp': (0.64, 0.8)}, {'text': 'era', 'timestamp': (0.9, 1.08)}];0,25;0,25;0,3571428571428572;0,125
./audios/SP_DID_250_2009.78268_2010.85922.wav;2009,78268;2010,85922;soma ou na subtração;soma ou na subtração;1,0765400000000227;toma na sua abstração;;[{'text': 'toma', 'timestamp': (0.02, 0.24)}, {'text': 'na', 'timestamp': (0.3, 0.36)}, {'text': 'sua', 'timestamp': (0.42, 0.48)}, {'text': 'abstração', 'timestamp': (0.5, 0.96)}];1,0;1,0;1,0;0,4
./audios/SP_DID_250_2017.36468_2018.77591.wav;2017,36468;2018,77591;tipos de cheque?;tipos de cheque;1,4112300000001596;tipos de choque;;[{'text': 'tipos', 'timestamp': (0.18, 0.52)}, {'text': 'de', 'timestamp': (0.6, 0.66)}, {'text': 'choque', 'timestamp': (0.86, 1.24)}];0,3333333333333333;0,3333333333333333;0,5555555555555556;0,06666666666666667
./audios/SP_DID_250_2019.90135_2020.29637.wav;2019,90135;2020,29637;Eu;eu;0,3950199999999313;ou;;[{'text': 'ou', 'timestamp': (1.08, 1.2)}];1,0;1,0;1,0;0,5
./audios/SP_DID_250_2026.49516_2027.13986.wav;2026,49516;2027,13986;eu;eu;0,6447000000000571;e;;[{'text': 'e', 'timestamp': (1.12, 1.14)}];1,0;1,0;1,0;0,5
./audios/SP_DID_250_2027.74357_2030.33729.wav;2027,74357;2030,33729;não sei se vou responder bem a sua pergunta;não sei se vou responder bem a sua pergunta;2,5937199999998484;não sei se vou responder bem à sua pergunta;;[{'text': 'não', 'timestamp': (0.08, 0.18)}, {'text': 'sei', 'timestamp': (0.32, 0.46)}, {'text': 'se', 'timestamp': (0.54, 0.6)}, {'text': 'vou', 'timestamp': (0.7, 0.8)}, {'text': 'responder', 'timestamp': (0.9, 1.38)}, {'text': 'bem', 'timestamp': (1.52, 1.68)}, {'text': 'à', 'timestamp': (1.76, 1.78)}, {'text': 'sua', 'timestamp': (1.88, 2.0)}, {'text': 'pergunta', 'timestamp': (2.08, 2.5)}];0,1111111111111111;0,1111111111111111;0,2098765432098766;0,023255813953488372
./audios/SP_DID_250_2031.26149_2031.75484.wav;2031,26149;2031,75484;mas::;mas;0,493349999999964;mas;;[{'text': 'mas', 'timestamp': (1.08, 1.32)}];0,0;0,0;0,0;0,0
./audios/SP_DID_250_2032.52252_2033.59578.wav;2032,52252;2033,59578;o:::;o;1,0732600000001185;o;;[{'text': 'o', 'timestamp': (0.08, 0.1)}];0,0;0,0;0,0;0,0
./audios/SP_DID_250_2036.23423_2037.95847.wav;2036,23423;2037,95847;você assina por exemplo um cheque;você assina por exemplo um cheque;1,7242400000000089;se assina por exemplo um cheque;;[{'text': 'se', 'timestamp': (0.2, 0.26)}, {'text': 'assina', 'timestamp': (0.32, 0.68)}, {'text': 'por', 'timestamp': (0.82, 0.9)}, {'text': 'exemplo', 'timestamp': (0.94, 1.26)}, {'text': 'um', 'timestamp': (1.36, 1.42)}, {'text': 'cheque', 'timestamp': (1.52, 1.68)}];0,16666666666666666;0,16666666666666666;0,30555555555555547;0,12121212121212122
./audios/SP_DID_250_2039.8747_2040.95024.wav;2039,8747;2040,95024;e retira o dinheiro;e retira o dinheiro;1,075539999999819;e retira o dinheiro;;[{'text': 'e', 'timestamp': (0.04, 0.06)}, {'text': 'retira', 'timestamp': (0.18, 0.52)}, {'text': 'o', 'timestamp': (0.56, 0.58)}, {'text': 'dinheiro', 'timestamp': (0.64, 0.96)}];0,0;0,0;0,0;0,0
./audios/SP_DID_250_2042.48225_2043.15857.wav;2042,48225;2043,15857;você mesmo;você mesmo;0,6763200000000325;você mesmo;;[{'text': 'você', 'timestamp': (1.04, 1.22)}, {'text': 'mesmo', 'timestamp': (1.34, 1.62)}];0,0;0,0;0,0;0,0
./audios/SP_DID_250_2043.67521_2046.56925.wav;2043,67521;2046,56925;ou dá a uma pessoa que vai ao banco e retira diretamente;ou dá a uma pessoa que vai ao banco e retira diretamente;2,8940399999999045;ou dá uma pessoa que vai ao banco e retira diretamente;;[{'text': 'ou', 'timestamp': (0.06, 0.12)}, {'text': 'dá', 'timestamp': (0.22, 0.28)}, {'text': 'uma', 'timestamp': (0.42, 0.52)}, {'text': 'pessoa', 'timestamp': (0.62, 0.98)}, {'text': 'que', 'timestamp': (1.08, 1.16)}, {'text': 'vai', 'timestamp': (1.24, 1.36)}, {'text': 'ao', 'timestamp': (1.4, 1.46)}, {'text': 'banco', 'timestamp': (1.56, 1.76)}, {'text': 'e', 'timestamp': (1.84, 1.86)}, {'text': 'retira', 'timestamp': (1.96, 2.26)}, {'text': 'diretamente', 'timestamp': (2.36, 2.84)}];0,08333333333333333;0,08333333333333333;0,08333333333333337;0,03571428571428571
./audios/SP_DID_250_2047.64479_2049.85222.wav;2047,64479;2049,85222;esse cheque é o cheque digamos comum;esse cheque é o cheque digamos comum;2,2074300000001585;esse cheque é o cheque digamos comum;;[{'text': 'esse', 'timestamp': (0.06, 0.22)}, {'text': 'cheque', 'timestamp': (0.34, 0.62)}, {'text': 'é', 'timestamp': (0.82, 0.84)}, {'text': 'o', 'timestamp': (1.08, 1.1)}, {'text': 'cheque', 'timestamp': (1.22, 1.42)}, {'text': 'digamos', 'timestamp': (1.5, 1.78)}, {'text': 'comum', 'timestamp': (1.9, 2.12)}];0,0;0,0;0,0;0,0
./audios/SP_DID_250_2050.91457_2051.56271.wav;2050,91457;2051,56271;há um emitente;há um emitente;0,6481400000002395;há um emite;;[{'text': 'há', 'timestamp': (1.04, 1.08)}, {'text': 'um', 'timestamp': (1.12, 1.16)}, {'text': 'emite', 'timestamp': (1.24, 1.72)}];0,3333333333333333;0,3333333333333333;0,5555555555555556;0,21428571428571427
./audios/SP_DID_250_2053.2629_2054.79939.wav;2053,2629;2054,79939;e há uma pessoa que recebe;e há uma pessoa que recebe;1,536489999999958;e há uma pessoa que recebe;;[{'text': 'e', 'timestamp': (0.08, 0.1)}, {'text': 'há', 'timestamp': (0.16, 0.22)}, {'text': 'uma', 'timestamp': (0.52, 0.6)}, {'text': 'pessoa', 'timestamp': (0.7, 0.96)}, {'text': 'que', 'timestamp': (1.04, 1.12)}, {'text': 'recebe', 'timestamp': (1.18, 1.48)}];0,0;0,0;0,0;0,0
./audios/SP_DID_250_2054.79939_2055.84069.wav;2054,79939;2055,84069;o cheque pode ser;o cheque pode ser;1,0412999999998647;o saque pode ser;;[{'text': 'o', 'timestamp': (0.08, 0.1)}, {'text': 'saque', 'timestamp': (0.2, 0.42)}, {'text': 'pode', 'timestamp': (0.54, 0.7)}, {'text': 'ser', 'timestamp': (0.82, 0.98)}];0,25;0,25;0,4375;0,17647058823529413
./audios/SP_DID_250_2056.6673_2057.57936.wav;2056,6673;2057,57936;ao portador;ao portador;0,9120600000001104;ao portador;;[{'text': 'ao', 'timestamp': (1.06, 1.12)}, {'text': 'portador', 'timestamp': (1.26, 1.76)}];0,0;0,0;0,0;0,0
./audios/SP_DID_250_2058.58444_2058.90314.wav;2058,58444;2058,90314;se::;se;0,3186999999998079;tem;;[{'text': 'tem', 'timestamp': (0.98, 1.16)}];1,0;1,0;1,0;1,0
./audios/SP_DID_250_2059.06753_2060.89922.wav;2059,06753;2060,89922;o nome da pessoa que vai receber;o nome da pessoa que vai receber;1,8316899999999805;o nome da pessoa que vai receber;;[{'text': 'o', 'timestamp': (0.08, 0.1)}, {'text': 'nome', 'timestamp': (0.22, 0.46)}, {'text': 'da', 'timestamp': (0.58, 0.64)}, {'text': 'pessoa', 'timestamp': (0.74, 1.04)}, {'text': 'que', 'timestamp': (1.1, 1.18)}, {'text': 'vai', 'timestamp': (1.22, 1.32)}, {'text': 'receber', 'timestamp': (1.42, 1.76)}];0,0;0,0;0,0;0,0
./audios/SP_DID_250_2061.03073_2061.62721.wav;2061,03073;2061,62721;está indicado;está indicado;0,596480000000156;tá indicado;;[{'text': 'tá', 'timestamp': (1.0, 1.06)}, {'text': 'indicado', 'timestamp': (1.14, 1.54)}];0,5;0,5;0,75;0,15384615384615385
./audios/SP_DID_250_2062.11566_2062.7591.wav;2062,11566;2062,7591;e (pode) ser;e pode ser;0,6434400000002825;e de ser;;[{'text': 'e', 'timestamp': (1.04, 1.06)}, {'text': 'de', 'timestamp': (1.22, 1.28)}, {'text': 'ser', 'timestamp': (1.4, 1.6)}];0,3333333333333333;0,3333333333333333;0,5555555555555556;0,2
./audios/SP_DID_250_2063.57163_2063.99053.wav;2063,57163;2063,99053;ah::;ah;0,4189000000001215;pari;;[{'text': 'pari', 'timestamp': (1.0, 1.28)}];1,0;1,0;1,0;1,5
./audios/SP_DID_250_2064.09386_2065.34317.wav;2064,09386;2065,34317;ah pode ser nominal;ah pode ser nominal;1,2493100000001505;ah pode ser nominal;;[{'text': 'ah', 'timestamp': (0.06, 0.1)}, {'text': 'pode', 'timestamp': (0.32, 0.46)}, {'text': 'ser', 'timestamp': (0.54, 0.62)}, {'text': 'nominal', 'timestamp': (0.76, 1.16)}];0,0;0,0;0,0;0,0
./audios/SP_DID_250_2065.41832_2065.8598.wav;2065,41832;2065,8598;perdão;perdão;0,4414799999999559;perdão;;[{'text': 'perdão', 'timestamp': (1.0, 1.28)}];0,0;0,0;0,0;0,0
./audios/SP_DID_250_2066.17562_2068.85899.wav;2066,17562;2068,85899;se está indicado o nome da pessoa que vai receber;se está indicado o nome da pessoa que vai receber;2,6833700000001954;se está indicado o nome da pessoa que vai receber;;[{'text': 'se', 'timestamp': (0.02, 0.1)}, {'text': 'está', 'timestamp': (0.14, 0.32)}, {'text': 'indicado', 'timestamp': (0.44, 0.88)}, {'text': 'o', 'timestamp': (1.1, 1.12)}, {'text': 'nome', 'timestamp': (1.22, 1.4)}, {'text': 'da', 'timestamp': (1.48, 1.52)}, {'text': 'pessoa', 'timestamp': (1.62, 1.84)}, {'text': 'que', 'timestamp': (1.9, 1.98)}, {'text': 'vai', 'timestamp': (2.02, 2.12)}, {'text': 'receber', 'timestamp': (2.24, 2.6)}];0,0;0,0;0,0;0,0
./audios/SP_DID_250_2069.01421_2069.88574.wav;2069,01421;2069,88574;pode ser o portador;pode ser o portador;0,8715300000003481;pode ser o bordador;;[{'text': 'pode', 'timestamp': (1.0, 1.16)}, {'text': 'ser', 'timestamp': (1.18, 1.26)}, {'text': 'o', 'timestamp': (1.28, 1.3)}, {'text': 'bordador', 'timestamp': (1.38, 1.78)}];0,25;0,25;0,4375;0,10526315789473684
./audios/SP_DID_250_2070.50637_2071.73915.wav;2070,50637;2071,73915;se o lugar reservado ao nome;se o lugar reservado ao nome;1,2327799999998206;se o lugar reservado o nome;;[{'text': 'se', 'timestamp': (0.08, 0.14)}, {'text': 'o', 'timestamp': (0.18, 0.2)}, {'text': 'lugar', 'timestamp': (0.24, 0.46)}, {'text': 'reservado', 'timestamp': (0.56, 0.9)}, {'text': 'o', 'timestamp': (0.96, 0.98)}, {'text': 'nome', 'timestamp': (1.02, 1.16)}];0,16666666666666666;0,16666666666666666;0,30555555555555547;0,03571428571428571
./audios/SP_DID_250_2071.774_2072.33734.wav;2071,774;2072,33734;está em branco;está em branco;0,5633400000001529;saem branco;;[{'text': 'saem', 'timestamp': (0.98, 1.12)}, {'text': 'branco', 'timestamp': (1.18, 1.38)}];0,6666666666666666;0,6666666666666666;0,8333333333333334;0,2857142857142857
./audios/SP_DID_250_2075.89461_2077.07816.wav;2075,89461;2077,07816;se o cheque é nominal;se o cheque é nominal;1,1835500000001957;se o cheque é nominal;;[{'text': 'se', 'timestamp': (0.04, 0.1)}, {'text': 'o', 'timestamp': (0.16, 0.18)}, {'text': 'cheque', 'timestamp': (0.22, 0.46)}, {'text': 'é', 'timestamp': (0.54, 0.56)}, {'text': 'nominal', 'timestamp': (0.62, 1.02)}];0,0;0,0;0,0;0,0
./audios/SP_DID_250_2078.04119_2083.39437.wav;2078,04119;2083,39437;e a pessoa que vai receber não é conhecida no banco em geral o banco exige uma prova de identidade para saber quem ele é;e a pessoa que vai receber não é conhecida no banco em geral o banco exige uma prova de identidade para saber quem ele é;5,353180000000066;e a pessoa que lá recebe não é conhecida no banco em geral o banco exige uma prova de identidade para saber quem ele é;;[{'text': 'e', 'timestamp': (0.04, 0.06)}, {'text': 'a', 'timestamp': (0.12, 0.14)}, {'text': 'pessoa', 'timestamp': (0.2, 0.44)}, {'text': 'que', 'timestamp': (0.5, 0.56)}, {'text': 'lá', 'timestamp': (0.62, 0.66)}, {'text': 'recebe', 'timestamp': (0.76, 1.1)}, {'text': 'não', 'timestamp': (1.16, 1.22)}, {'text': 'é', 'timestamp': (1.26, 1.28)}, {'text': 'conhecida', 'timestamp': (1.38, 1.74)}, {'text': 'no', 'timestamp': (1.82, 1.88)}, {'text': 'banco', 'timestamp': (1.96, 2.14)}, {'text': 'em', 'timestamp': (2.16, 2.26)}, {'text': 'geral', 'timestamp': (2.3, 2.48)}, {'text': 'o', 'timestamp': (2.58, 2.6)}, {'text': 'banco', 'timestamp': (2.68, 2.88)}, {'text': 'exige', 'timestamp': (2.98, 3.32)}, {'text': 'uma', 'timestamp': (3.36, 3.46)}, {'text': 'prova', 'timestamp': (3.56, 3.74)}, {'text': 'de', 'timestamp': (3.8, 3.84)}, {'text': 'identidade', 'timestamp': (3.92, 4.4)}, {'text': 'para', 'timestamp': (4.5, 4.62)}, {'text': 'saber', 'timestamp': (4.68, 4.86)}, {'text': 'quem', 'timestamp': (4.96, 5.06)}, {'text': 'ele', 'timestamp': (5.12, 5.24)}, {'text': 'é', 'timestamp': (5.28, 5.3)}];0,08;0,08;0,15359999999999996;0,03333333333333333
./audios/SP_DID_250_2083.9629_2086.45766.wav;2083,9629;2086,45766;se ele é conhecido no banco ou tem firma no banco não tem problema;se ele é conhecido no banco ou tem firma no banco não tem problema;2,494760000000042;se ele é conhecido no banco eu tenho filmado banco não tem problema;;[{'text': 'se', 'timestamp': (0.02, 0.08)}, {'text': 'ele', 'timestamp': (0.1, 0.2)}, {'text': 'é', 'timestamp': (0.26, 0.28)}, {'text': 'conhecido', 'timestamp': (0.34, 0.7)}, {'text': 'no', 'timestamp': (0.78, 0.84)}, {'text': 'banco', 'timestamp': (0.92, 1.06)}, {'text': 'eu', 'timestamp': (1.08, 1.14)}, {'text': 'tenho', 'timestamp': (1.2, 1.32)}, {'text': 'filmado', 'timestamp': (1.34, 1.66)}, {'text': 'banco', 'timestamp': (1.7, 1.84)}, {'text': 'não', 'timestamp': (1.9, 1.98)}, {'text': 'tem', 'timestamp': (2.02, 2.1)}, {'text': 'problema', 'timestamp': (2.2, 2.44)}];0,2857142857142857;0,2857142857142857;0,4505494505494505;0,10606060606060606
./audios/SP_DID_250_2087.24541_2087.81163.wav;2087,24541;2087,81163;bem esse é o;bem esse é o;0,5662200000001576;é esse o;;[{'text': 'é', 'timestamp': (1.02, 1.04)}, {'text': 'esse', 'timestamp': (1.24, 1.48)}, {'text': 'o', 'timestamp': (1.52, 1.54)}];0,5;0,5;0,6666666666666667;0,4166666666666667
./audios/SP_DID_250_2088.22404_2089.3797.wav;2088,22404;2089,3797;digamos é o cheque comum;digamos é o cheque comum;1,155659999999898;digamos é o cheque comum;;[{'text': 'digamos', 'timestamp': (0.04, 0.38)}, {'text': 'é', 'timestamp': (0.42, 0.44)}, {'text': 'o', 'timestamp': (0.48, 0.5)}, {'text': 'cheque', 'timestamp': (0.58, 0.78)}, {'text': 'comum', 'timestamp': (0.88, 1.08)}];0,0;0,0;0,0;0,0
./audios/SP_DID_250_2089.4771_2089.8168.wav;2089,4771;2089,8168;agora;agora;0,33969999999999345;agora;;[{'text': 'agora', 'timestamp': (1.04, 1.3)}];0,0;0,0;0,0;0,0
./audios/SP_DID_250_2090.90823_2091.85255.wav;2090,90823;2091,85255;eu posso pagar;eu posso pagar;0,9443200000000616;eu posso pagar;;[{'text': 'eu', 'timestamp': (1.04, 1.1)}, {'text': 'posso', 'timestamp': (1.22, 1.42)}, {'text': 'pagar', 'timestamp': (1.5, 1.82)}];0,0;0,0;0,0;0,0
./audios/SP_DID_250_2092.09697_2093.0977.wav;2092,09697;2093,0977;a uma pessoa em cheque;a uma pessoa em cheque;1,0007299999997485;há uma pessoa em che;;[{'text': 'há', 'timestamp': (0.04, 0.08)}, {'text': 'uma', 'timestamp': (0.12, 0.2)}, {'text': 'pessoa', 'timestamp': (0.3, 0.6)}, {'text': 'em', 'timestamp': (0.66, 0.7)}, {'text': 'che', 'timestamp': (0.78, 0.96)}];0,4;0,4;0,64;0,22727272727272727
./audios/SP_DID_250_2094.14202_2095.10191.wav;2094,14202;2095,10191;e essa pessoa;e essa pessoa;0,9598900000000867;e essa pessoa;;[{'text': 'e', 'timestamp': (1.04, 1.06)}, {'text': 'essa', 'timestamp': (1.14, 1.3)}, {'text': 'pessoa', 'timestamp': (1.4, 1.8)}];0,0;0,0;0,0;0,0
./audios/SP_DID_250_2095.9107_2098.00521.wav;2095,9107;2098,00521;ou simplesmente um cheque ao portador;ou simplesmente um cheque ao portador;2,0945099999999;ou simplesmente o cheque é o portador;;[{'text': 'ou', 'timestamp': (0.24, 0.32)}, {'text': 'simplesmente', 'timestamp': (0.46, 0.9)}, {'text': 'o', 'timestamp': (1.0, 1.02)}, {'text': 'cheque', 'timestamp': (1.1, 1.3)}, {'text': 'é', 'timestamp': (1.36, 1.38)}, {'text': 'o', 'timestamp': (1.4, 1.44)}, {'text': 'portador', 'timestamp': (1.5, 1.94)}];0,5;0,42857142857142855;0,6190476190476191;0,10810810810810811
./audios/SP_DID_250_2099.03347_2100.00346.wav;2099,03347;2100,00346;não precisa ser nominal;não precisa ser nominal;0,9699900000000525;não peça ser nominado;;[{'text': 'não', 'timestamp': (0.98, 1.06)}, {'text': 'peça', 'timestamp': (1.08, 1.24)}, {'text': 'ser', 'timestamp': (1.34, 1.48)}, {'text': 'nominado', 'timestamp': (1.52, 1.92)}];0,5;0,5;0,75;0,2608695652173913
./audios/SP_DID_250_2101.46548_2103.37215.wav;2101,46548;2103,37215;ahn:: em vez de receber;ah em vez de receber;1,9066700000003038;ah um desde receber;;[{'text': 'ah', 'timestamp': (0.08, 0.18)}, {'text': 'um', 'timestamp': (0.7, 0.78)}, {'text': 'desde', 'timestamp': (0.92, 1.22)}, {'text': 'receber', 'timestamp': (1.36, 1.8)}];0,6;0,6;0,8;0,2
./audios/SP_DID_250_2103.95497_2105.34622.wav;2103,95497;2105,34622; diretamente no meu banco;diretamente no meu banco;1,3912500000001273;diretamente no meu banco;;[{'text': 'diretamente', 'timestamp': (0.06, 0.66)}, {'text': 'no', 'timestamp': (0.82, 0.88)}, {'text': 'meu', 'timestamp': (0.96, 1.06)}, {'text': 'banco', 'timestamp': (1.18, 1.32)}];0,0;0,0;0,0;0,0
./audios/SP_DID_250_2106.22046_2108.57699.wav;2106,22046;2108,57699;deposita na conta dele num outro banco;deposita na conta dele num outro banco;2,3565300000000207;deposita na conta dele no outro banco;;[{'text': 'deposita', 'timestamp': (0.04, 0.6)}, {'text': 'na', 'timestamp': (0.74, 0.8)}, {'text': 'conta', 'timestamp': (0.94, 1.22)}, {'text': 'dele', 'timestamp': (1.36, 1.54)}, {'text': 'no', 'timestamp': (1.68, 1.74)}, {'text': 'outro', 'timestamp': (1.84, 2.06)}, {'text': 'banco', 'timestamp': (2.14, 2.3)}];0,14285714285714285;0,14285714285714285;0,26530612244897966;0,05263157894736842
./audios/SP_DID_250_2110.21354_2113.04251.wav;2110,21354;2113,04251;aí aparece o que eles chamam de cheque cruzado;aí aparece o que eles chamam de cheque cruzado;2,8289700000000266;aí aparece o que ele chama de cheque cruzado;;[{'text': 'aí', 'timestamp': (0.08, 0.2)}, {'text': 'aparece', 'timestamp': (0.4, 0.84)}, {'text': 'o', 'timestamp': (0.92, 0.94)}, {'text': 'que', 'timestamp': (0.98, 1.04)}, {'text': 'ele', 'timestamp': (1.06, 1.16)}, {'text': 'chama', 'timestamp': (1.26, 1.4)}, {'text': 'de', 'timestamp': (1.5, 1.54)}, {'text': 'cheque', 'timestamp': (1.74, 2.0)}, {'text': 'cruzado', 'timestamp': (2.14, 2.64)}];0,2222222222222222;0,2222222222222222;0,3950617283950617;0,043478260869565216
./audios/SP_DID_250_2113.77458_2115.24359.wav;2113,77458;2115,24359;não sei se vocês já repararam;não sei se vocês já repararam;1,469010000000253;não sei se vocês já repararam;;[{'text': 'não', 'timestamp': (0.04, 0.12)}, {'text': 'sei', 'timestamp': (0.2, 0.28)}, {'text': 'se', 'timestamp': (0.36, 0.4)}, {'text': 'vocês', 'timestamp': (0.42, 0.56)}, {'text': 'já', 'timestamp': (0.62, 0.68)}, {'text': 'repararam', 'timestamp': (0.8, 1.36)}];0,0;0,0;0,0;0,0
./audios/SP_DID_250_2115.76627_2116.89874.wav;2115,76627;2116,89874;que num caso desses;que num caso desses;1,132470000000012;e num caso desses;;[{'text': 'e', 'timestamp': (0.04, 0.06)}, {'text': 'num', 'timestamp': (0.12, 0.2)}, {'text': 'caso', 'timestamp': (0.3, 0.54)}, {'text': 'desses', 'timestamp': (0.7, 1.08)}];0,25;0,25;0,4375;0,10526315789473684
./audios/SP_DID_250_2117.55935_2118.93139.wav;2117,55935;2118,93139;o funcionário do banco;o funcionário do banco;1,3720400000001973;o funcionário do banco;;[{'text': 'o', 'timestamp': (0.08, 0.1)}, {'text': 'funcionário', 'timestamp': (0.34, 0.76)}, {'text': 'do', 'timestamp': (0.8, 0.84)}, {'text': 'banco', 'timestamp': (0.94, 1.2)}];0,0;0,0;0,0;0,0
./audios/SP_DID_250_2119.37422_2122.31543.wav;2119,37422;2122,31543; dá uma carimbadinha assim com duas linhas em diagonal;dá uma carimbadinha assim com duas linhas em diagonal;2,9412099999999555;dá uma carimbadinha assim com duas linhas em diagonal;;[{'text': 'dá', 'timestamp': (0.04, 0.1)}, {'text': 'uma', 'timestamp': (0.16, 0.22)}, {'text': 'carimbadinha', 'timestamp': (0.3, 0.92)}, {'text': 'assim', 'timestamp': (0.96, 1.18)}, {'text': 'com', 'timestamp': (1.32, 1.42)}, {'text': 'duas', 'timestamp': (1.52, 1.76)}, {'text': 'linhas', 'timestamp': (1.86, 2.12)}, {'text': 'em', 'timestamp': (2.2, 2.26)}, {'text': 'diagonal', 'timestamp': (2.32, 2.78)}];0,0;0,0;0,0;0,0
./audios/SP_DID_250_2122.31543_2123.39649.wav;2122,31543;2123,39649;ele cruza o cheque;ele cruza o cheque;1,0810599999999795;ele cruza o cheque;;[{'text': 'ele', 'timestamp': (0.02, 0.12)}, {'text': 'cruza', 'timestamp': (0.24, 0.5)}, {'text': 'o', 'timestamp': (0.58, 0.6)}, {'text': 'cheque', 'timestamp': (0.7, 1.0)}];0,0;0,0;0,0;0,0
./audios/SP_DID_250_2123.82177_2124.32267.wav;2123,82177;2124,32267; por quê?;por quê;0,5009000000000015;por que;;[{'text': 'por', 'timestamp': (1.02, 1.12)}, {'text': 'que', 'timestamp': (1.2, 1.28)}];0,5;0,5;0,75;0,14285714285714285
./audios/SP_DID_250_2124.95787_2127.29612.wav;2124,95787;2127,29612;porque ele tem que mandar o cheque ao meu banco;porque ele tem que mandar o cheque ao meu banco;2,338249999999789;porque ele tem que mandar o cheque a o meu banco;;[{'text': 'porque', 'timestamp': (0.02, 0.22)}, {'text': 'ele', 'timestamp': (0.28, 0.34)}, {'text': 'tem', 'timestamp': (0.44, 0.54)}, {'text': 'que', 'timestamp': (0.6, 0.68)}, {'text': 'mandar', 'timestamp': (0.74, 1.0)}, {'text': 'o', 'timestamp': (1.06, 1.08)}, {'text': 'cheque', 'timestamp': (1.22, 1.48)}, {'text': 'a', 'timestamp': (1.66, 1.68)}, {'text': 'o', 'timestamp': (1.72, 1.74)}, {'text': 'meu', 'timestamp': (1.88, 2.0)}, {'text': 'banco', 'timestamp': (2.14, 2.28)}];0,2;0,18181818181818182;0,26363636363636356;0,02127659574468085
./audios/SP_DID_250_2129.30405_2130.54741.wav;2129,30405;2130,54741;que então vai pagar;que então vai pagar;1,2433599999999387;quem então vai pagar;;[{'text': 'quem', 'timestamp': (0.04, 0.14)}, {'text': 'então', 'timestamp': (0.2, 0.44)}, {'text': 'vai', 'timestamp': (0.58, 0.72)}, {'text': 'pagar', 'timestamp': (0.86, 1.14)}];0,25;0,25;0,4375;0,05263157894736842
./audios/SP_DID_250_2131.84098_2134.32785.wav;2131,84098;2134,32785;ou simplesmente dizer que meu cheque é bom porque::;ou simplesmente dizer que meu cheque é bom porque;2,486870000000181;ou simplesmente dizer que o meu cheque é bom porque;;[{'text': 'ou', 'timestamp': (0.04, 0.1)}, {'text': 'simplesmente', 'timestamp': (0.18, 0.56)}, {'text': 'dizer', 'timestamp': (0.66, 0.84)}, {'text': 'que', 'timestamp': (0.9, 0.98)}, {'text': 'o', 'timestamp': (1.02, 1.04)}, {'text': 'meu', 'timestamp': (1.1, 1.18)}, {'text': 'cheque', 'timestamp': (1.26, 1.5)}, {'text': 'é', 'timestamp': (1.58, 1.6)}, {'text': 'bom', 'timestamp': (1.7, 1.82)}, {'text': 'porque', 'timestamp': (1.96, 2.2)}];0,1111111111111111;0,1;0,09999999999999998;0,04081632653061224
./audios/SP_DID_250_2134.95118_2136.6499.wav;2134,95118;2136,6499;o cheque é uma espécie de;o cheque é uma espécie de;1,6987199999998666;o cheque é uma espécie de;;[{'text': 'o', 'timestamp': (0.06, 0.08)}, {'text': 'cheque', 'timestamp': (0.18, 0.42)}, {'text': 'é', 'timestamp': (0.48, 0.5)}, {'text': 'uma', 'timestamp': (0.54, 0.62)}, {'text': 'espécie', 'timestamp': (0.66, 1.02)}, {'text': 'de', 'timestamp': (1.14, 1.2)}];0,0;0,0;0,0;0,0
./audios/SP_DID_250_2137.77728_2140.7472.wav;2137,77728;2140,7472;é é é um substitutivo da da moeda corrente;é é é um substitutivo da da moeda corrente;2,969920000000002;é um substitutivo da moeda corrente;;[{'text': 'é', 'timestamp': (0.72, 0.74)}, {'text': 'um', 'timestamp': (0.8, 0.84)}, {'text': 'substitutivo', 'timestamp': (0.92, 1.7)}, {'text': 'da', 'timestamp': (1.82, 2.18)}, {'text': 'moeda', 'timestamp': (2.26, 2.52)}, {'text': 'corrente', 'timestamp': (2.62, 2.92)}];0,3333333333333333;0,3333333333333333;0,33333333333333337;0,16666666666666666
./audios/SP_DID_250_2141.34405_2143.62736.wav;2141,34405;2143,62736;desde que a pessoa não paga e a outra não recebe em dinheiro;desde que a pessoa não paga e a outra não recebe em dinheiro;2,283309999999801;desde que a pessoa não paga e a outra não recebe engler;;[{'text': 'desde', 'timestamp': (0.04, 0.18)}, {'text': 'que', 'timestamp': (0.2, 0.26)}, {'text': 'a', 'timestamp': (0.3, 0.32)}, {'text': 'pessoa', 'timestamp': (0.38, 0.58)}, {'text': 'não', 'timestamp': (0.64, 0.72)}, {'text': 'paga', 'timestamp': (0.84, 1.06)}, {'text': 'e', 'timestamp': (1.14, 1.16)}, {'text': 'a', 'timestamp': (1.2, 1.22)}, {'text': 'outra', 'timestamp': (1.28, 1.42)}, {'text': 'não', 'timestamp': (1.48, 1.54)}, {'text': 'recebe', 'timestamp': (1.6, 1.86)}, {'text': 'engler', 'timestamp': (1.96, 2.22)}];0,15384615384615385;0,15384615384615385;0,22435897435897445;0,13333333333333333
./audios/SP_DID_250_2144.08457_2147.27149.wav;2144,08457;2147,27149;então esse cheque é cruzado o banco ( ) ''pode creditar'';então esse cheque é cruzado o banco pode creditar;3,1869200000001;então esse cheque é cruzado o banco de pode acreditar;;[{'text': 'então', 'timestamp': (0.08, 0.3)}, {'text': 'esse', 'timestamp': (0.38, 0.54)}, {'text': 'cheque', 'timestamp': (0.66, 0.88)}, {'text': 'é', 'timestamp': (0.94, 0.96)}, {'text': 'cruzado', 'timestamp': (1.02, 1.44)}, {'text': 'o', 'timestamp': (1.58, 1.6)}, {'text': 'banco', 'timestamp': (1.66, 1.88)}, {'text': 'de', 'timestamp': (1.96, 2.14)}, {'text': 'pode', 'timestamp': (2.38, 2.54)}, {'text': 'acreditar', 'timestamp': (2.62, 3.1)}];0,2222222222222222;0,2;0,28888888888888886;0,08163265306122448
./audios/SP_DID_250_2148.44498_2150.23917.wav;2148,44498;2150,23917;os o banco de recebedor;os o banco de recebedor;1,7941899999996167;o banco do recebedor;;[{'text': 'o', 'timestamp': (0.36, 0.38)}, {'text': 'banco', 'timestamp': (0.5, 0.76)}, {'text': 'do', 'timestamp': (0.88, 0.94)}, {'text': 'recebedor', 'timestamp': (1.06, 1.7)}];0,4;0,4;0,55;0,17391304347826086
./audios/SP_DID_250_2150.664_2154.75471.wav;2150,664;2154,75471;então credita na conta dele a importância que eu paguei por cheque cruzado;então credita na conta dele a importância que eu paguei por cheque cruzado;4,090709999999945;então acredita na conta dele a importância que eu paguei por cheque cruzado;;[{'text': 'então', 'timestamp': (0.04, 0.24)}, {'text': 'acredita', 'timestamp': (0.3, 0.84)}, {'text': 'na', 'timestamp': (1.0, 1.04)}, {'text': 'conta', 'timestamp': (1.18, 1.44)}, {'text': 'dele', 'timestamp': (1.54, 1.74)}, {'text': 'a', 'timestamp': (1.8, 1.82)}, {'text': 'importância', 'timestamp': (1.86, 2.34)}, {'text': 'que', 'timestamp': (2.42, 2.5)}, {'text': 'eu', 'timestamp': (2.52, 2.56)}, {'text': 'paguei', 'timestamp': (2.64, 2.88)}, {'text': 'por', 'timestamp': (2.96, 3.04)}, {'text': 'cheque', 'timestamp': (3.14, 3.36)}, {'text': 'cruzado', 'timestamp': (3.48, 3.84)}];0,07692307692307693;0,07692307692307693;0,1479289940828401;0,013513513513513514
./audios/SP_DID_250_2155.82429_2159.21923.wav;2155,82429;2159,21923;existe também o cheque que se chama o cheque viSAdo;existe também o cheque que se chama o cheque visado;3,3949400000001333;existe também um cheque que se chama o cheque visado;;[{'text': 'existe', 'timestamp': (0.06, 0.38)}, {'text': 'também', 'timestamp': (0.5, 0.74)}, {'text': 'um', 'timestamp': (0.8, 0.86)}, {'text': 'cheque', 'timestamp': (0.98, 1.22)}, {'text': 'que', 'timestamp': (1.34, 1.4)}, {'text': 'se', 'timestamp': (1.48, 1.54)}, {'text': 'chama', 'timestamp': (1.64, 1.84)}, {'text': 'o', 'timestamp': (1.92, 1.94)}, {'text': 'cheque', 'timestamp': (2.04, 2.28)}, {'text': 'visado', 'timestamp': (2.46, 3.12)}];0,1;0,1;0,18999999999999995;0,0392156862745098
./audios/SP_DID_250_2160.67995_2161.73129.wav;2160,67995;2161,73129;o cheque visado;o cheque visado;1,051339999999982;puxa alquimizado;;[{'text': 'puxa', 'timestamp': (0.04, 0.2)}, {'text': 'alquimizado', 'timestamp': (0.3, 0.94)}];1,0;1,0;1,0;0,7333333333333333
./audios/SP_DID_250_2162.44395_2164.18042.wav;2162,44395;2164,18042; é simplesmente o cheque::;é simplesmente o cheque;1,7364700000002813;é simplesmente o cheque;;[{'text': 'é', 'timestamp': (0.04, 0.06)}, {'text': 'simplesmente', 'timestamp': (0.18, 0.74)}, {'text': 'o', 'timestamp': (1.02, 1.04)}, {'text': 'cheque', 'timestamp': (1.2, 1.52)}];0,0;0,0;0,0;0,0
./audios/SP_DID_250_2166.0926_2168.26654.wav;2166,0926;2168,26654;cuja::: importância;cuja importância;2,1739400000001297;cuja importância;;[{'text': 'cuja', 'timestamp': (0.06, 0.42)}, {'text': 'importância', 'timestamp': (1.24, 2.04)}];0,0;0,0;0,0;0,0
./audios/SP_DID_250_2169.02506_2169.76309.wav;2169,02506;2169,76309;o banco;o banco;0,7380299999999806;o banco;;[{'text': 'o', 'timestamp': (1.06, 1.08)}, {'text': 'banco', 'timestamp': (1.24, 1.58)}];0,0;0,0;0,0;0,0
./audios/SP_DID_250_2171.24839_2171.53416.wav;2171,24839;2171,53416;não é?;não é;0,2857699999999568;não é;;[{'text': 'não', 'timestamp': (1.0, 1.08)}, {'text': 'é', 'timestamp': (1.14, 1.16)}];0,0;0,0;0,0;0,0
./audios/SP_DID_250_2172.51848_2174.34918.wav;2172,51848;2174,34918;sobre o qual eu emiti o cheque;sobre o qual eu emiti o cheque;1,830699999999979;sobre o qual eu emiti o cheque;;[{'text': 'sobre', 'timestamp': (0.04, 0.2)}, {'text': 'o', 'timestamp': (0.24, 0.28)}, {'text': 'qual', 'timestamp': (0.36, 0.54)}, {'text': 'eu', 'timestamp': (0.66, 0.76)}, {'text': 'emiti', 'timestamp': (0.9, 1.2)}, {'text': 'o', 'timestamp': (1.3, 1.32)}, {'text': 'cheque', 'timestamp': (1.42, 1.74)}];0,0;0,0;0,0;0,0
./audios/SP_DID_250_2175.80693_2177.32398.wav;2175,80693;2177,32398;éh:: assegura;eh assegura;1,5170499999999265;e assegura;;[{'text': 'e', 'timestamp': (0.08, 0.1)}, {'text': 'assegura', 'timestamp': (0.74, 1.32)}];0,5;0,5;0,75;0,09090909090909091
./audios/SP_DID_250_2177.45099_2178.5729.wav;2177,45099;2178,5729; que é o cheque pagável;que é o cheque pagável;1,1219100000002982;que é o cheque pagável;;[{'text': 'que', 'timestamp': (0.0, 0.06)}, {'text': 'é', 'timestamp': (0.08, 0.12)}, {'text': 'o', 'timestamp': (0.14, 0.16)}, {'text': 'cheque', 'timestamp': (0.28, 0.48)}, {'text': 'pagável', 'timestamp': (0.6, 1.06)}];0,0;0,0;0,0;0,0
./audios/SP_DID_250_2179.39397_2182.73528.wav;2179,39397;2182,73528;é::: usa-se o cheque:::;é usase o cheque;3,341309999999794;e usa se o sete;;[{'text': 'e', 'timestamp': (0.04, 0.06)}, {'text': 'usa', 'timestamp': (1.02, 1.24)}, {'text': 'se', 'timestamp': (1.4, 1.46)}, {'text': 'o', 'timestamp': (1.5, 1.52)}, {'text': 'sete', 'timestamp': (1.7, 2.06)}];1,0;0,8;0,95;0,375
./audios/SP_DID_250_2183.13973_2187.62972.wav;2183,13973;2187,62972;o cheque::: como é que você disse? o cheque viSAdo;o cheque como é que você disse o cheque visado;4,489990000000034;o cheque como é que eu disse o cheque visado;;[{'text': 'o', 'timestamp': (0.1, 0.12)}, {'text': 'cheque', 'timestamp': (0.3, 0.78)}, {'text': 'como', 'timestamp': (2.22, 2.3)}, {'text': 'é', 'timestamp': (2.34, 2.36)}, {'text': 'que', 'timestamp': (2.4, 2.46)}, {'text': 'eu', 'timestamp': (2.5, 2.56)}, {'text': 'disse', 'timestamp': (2.6, 2.8)}, {'text': 'o', 'timestamp': (2.88, 2.9)}, {'text': 'cheque', 'timestamp': (2.98, 3.32)}, {'text': 'visado', 'timestamp': (3.9, 4.34)}];0,1;0,1;0,18999999999999995;0,08695652173913043
./audios/SP_DID_250_2188.25064_2189.94149.wav;2188,25064;2189,94149;no caso de importâncias muito grandes;no caso de importâncias muito grandes;1,690849999999955;no caso de importâncias muito grandes;;[{'text': 'no', 'timestamp': (0.04, 0.08)}, {'text': 'caso', 'timestamp': (0.16, 0.3)}, {'text': 'de', 'timestamp': (0.34, 0.4)}, {'text': 'importâncias', 'timestamp': (0.42, 0.98)}, {'text': 'muito', 'timestamp': (1.08, 1.22)}, {'text': 'grandes', 'timestamp': (1.34, 1.66)}];0,0;0,0;0,0;0,0
./audios/SP_DID_250_2189.94149_2190.2968.wav;2189,94149;2190,2968;não é?;não é;0,35530999999991764;não;;[{'text': 'não', 'timestamp': (1.08, 1.18)}];0,5;0,5;0,5;0,4
./audios/SP_DID_250_2192.23933_2192.55576.wav;2192,23933;2192,55576;entendeu?;entendeu;0,3164300000003095;entendeu;;[{'text': 'entendeu', 'timestamp': (0.9, 1.24)}];0,0;0,0;0,0;0,0
./audios/SP_DID_250_2193.0592_2196.76981.wav;2193,0592;2196,76981;a pessoa vai fazer um pagamento digamos na na compra de um imóvel;a pessoa vai fazer um pagamento digamos na na compra de um imóvel;3,710609999999633;a pessoa vai fazer um pagamento digamos na compra de um imóvel;;[{'text': 'a', 'timestamp': (0.12, 0.14)}, {'text': 'pessoa', 'timestamp': (0.2, 0.38)}, {'text': 'vai', 'timestamp': (0.42, 0.48)}, {'text': 'fazer', 'timestamp': (0.56, 0.7)}, {'text': 'um', 'timestamp': (0.76, 0.8)}, {'text': 'pagamento', 'timestamp': (0.84, 1.4)}, {'text': 'digamos', 'timestamp': (1.58, 1.94)}, {'text': 'na', 'timestamp': (2.38, 2.44)}, {'text': 'compra', 'timestamp': (2.54, 2.78)}, {'text': 'de', 'timestamp': (2.84, 2.88)}, {'text': 'um', 'timestamp': (2.94, 2.98)}, {'text': 'imóvel', 'timestamp': (3.06, 3.6)}];0,07692307692307693;0,07692307692307693;0,07692307692307687;0,046153846153846156
./audios/SP_DID_250_2197.39606_2198.14565.wav;2197,39606;2198,14565;vai pagar alguns;vai pagar alguns;0,7495899999998983;a pagar alguns;;[{'text': 'a', 'timestamp': (1.04, 1.06)}, {'text': 'pagar', 'timestamp': (1.16, 1.36)}, {'text': 'alguns', 'timestamp': (1.42, 1.72)}];0,3333333333333333;0,3333333333333333;0,5555555555555556;0,125
./audios/SP_DID_250_2198.98156_2200.93621.wav;2198,98156;2200,93621;algumas centenas de milhares milhões de cruzeiros;algumas centenas de milhares milhões de cruzeiros;1,954649999999674;algumas centenas e milhares em nome de cruzeiro;;[{'text': 'algumas', 'timestamp': (0.04, 0.24)}, {'text': 'centenas', 'timestamp': (0.34, 0.78)}, {'text': 'e', 'timestamp': (0.82, 0.84)}, {'text': 'milhares', 'timestamp': (0.92, 1.32)}, {'text': 'em', 'timestamp': (1.34, 1.42)}, {'text': 'nome', 'timestamp': (1.44, 1.54)}, {'text': 'de', 'timestamp': (1.56, 1.6)}, {'text': 'cruzeiro', 'timestamp': (1.64, 1.92)}];0,5714285714285714;0,5;0,7142857142857143;0,16326530612244897
./audios/SP_DID_250_2201.5672_2202.07009.wav;2201,5672;2202,07009;pergunta;pergunta;0,5028900000002068;pergunta;;[{'text': 'pergunta', 'timestamp': (1.0, 1.42)}];0,0;0,0;0,0;0,0
./audios/SP_DID_250_2203.03884_2204.36.wav;2203,03884;2204,36;o se/ o com o:: o::;o se o com o o;1,3211599999999635;o se o como o;;[{'text': 'o', 'timestamp': (0.06, 0.08)}, {'text': 'se', 'timestamp': (0.16, 0.2)}, {'text': 'o', 'timestamp': (0.36, 0.38)}, {'text': 'como', 'timestamp': (0.46, 0.76)}, {'text': 'o', 'timestamp': (1.08, 1.1)}];0,3333333333333333;0,3333333333333333;0,4666666666666667;0,07142857142857142
./audios/SP_DID_250_2204.43366_2207.39975.wav;2204,43366;2207,39975;o comprador do imóvel nesse caso diz ''o senhor quer que eu dê um cheque;o comprador do imóvel nesse caso diz o senhor quer que eu dê um cheque;2,9660899999998946;o comprador do imóvel nesse caso só o que é que eu dei um cheque;;[{'text': 'o', 'timestamp': (0.04, 0.06)}, {'text': 'comprador', 'timestamp': (0.22, 0.64)}, {'text': 'do', 'timestamp': (0.7, 0.78)}, {'text': 'imóvel', 'timestamp': (0.82, 1.08)}, {'text': 'nesse', 'timestamp': (1.12, 1.28)}, {'text': 'caso', 'timestamp': (1.32, 1.62)}, {'text': 'só', 'timestamp': (1.7, 1.74)}, {'text': 'o', 'timestamp': (1.8, 1.82)}, {'text': 'que', 'timestamp': (1.86, 1.94)}, {'text': 'é', 'timestamp': (1.98, 2.0)}, {'text': 'que', 'timestamp': (2.04, 2.1)}, {'text': 'eu', 'timestamp': (2.12, 2.18)}, {'text': 'dei', 'timestamp': (2.24, 2.34)}, {'text': 'um', 'timestamp': (2.4, 2.44)}, {'text': 'cheque', 'timestamp': (2.54, 2.82)}];0,26666666666666666;0,26666666666666666;0,4622222222222223;0,2
./audios/SP_DID_250_2208.24424_2210.79667.wav;2208,24424;2210,79667;éh o senhor exige um cheque::;eh o senhor exige um cheque;2,552430000000186;e o senhor exijo só que;;[{'text': 'e', 'timestamp': (0.08, 0.1)}, {'text': 'o', 'timestamp': (1.14, 1.16)}, {'text': 'senhor', 'timestamp': (1.2, 1.34)}, {'text': 'exijo', 'timestamp': (1.4, 1.74)}, {'text': 'só', 'timestamp': (1.86, 1.94)}, {'text': 'que', 'timestamp': (2.14, 2.2)}];0,6666666666666666;0,6666666666666666;0,8888888888888888;0,2962962962962963
./audios/SP_DID_250_2211.72746_2212.29203.wav;2211,72746;2212,29203;visado?'';visado;0,5645700000000033;bisado;;[{'text': 'bisado', 'timestamp': (1.06, 1.48)}];1,0;1,0;1,0;0,16666666666666666
./audios/SP_DID_250_2213.55401_2216.00772.wav;2213,55401;2216,00772;o outro que vai receber o vendedor dirá sim ou não;o outro que vai receber o vendedor dirá sim ou não;2,4537100000002283;o outro que vai receber o vendedor dirá sim ou não;;[{'text': 'o', 'timestamp': (0.1, 0.14)}, {'text': 'outro', 'timestamp': (0.2, 0.34)}, {'text': 'que', 'timestamp': (0.4, 0.48)}, {'text': 'vai', 'timestamp': (0.52, 0.62)}, {'text': 'receber', 'timestamp': (0.7, 1.08)}, {'text': 'o', 'timestamp': (1.16, 1.18)}, {'text': 'vendedor', 'timestamp': (1.22, 1.54)}, {'text': 'dirá', 'timestamp': (1.62, 1.76)}, {'text': 'sim', 'timestamp': (1.86, 2.04)}, {'text': 'ou', 'timestamp': (2.12, 2.18)}, {'text': 'não', 'timestamp': (2.22, 2.34)}];0,0;0,0;0,0;0,0
./audios/SP_DID_250_2217.04672_2218.40973.wav;2217,04672;2218,40973;o meu banco visa o cheque;o meu banco visa o cheque;1,3630100000000311;o meu banco visa o chefe;;[{'text': 'o', 'timestamp': (0.04, 0.06)}, {'text': 'meu', 'timestamp': (0.1, 0.2)}, {'text': 'banco', 'timestamp': (0.28, 0.48)}, {'text': 'visa', 'timestamp': (0.6, 0.84)}, {'text': 'o', 'timestamp': (0.9, 0.92)}, {'text': 'chefe', 'timestamp': (1.02, 1.32)}];0,16666666666666666;0,16666666666666666;0,30555555555555547;0,08
./audios/SP_DID_250_2219.34295_2219.58496.wav;2219,34295;2219,58496;quer dizer;quer dizer;0,24200999999993655;pedem;;[{'text': 'pedem', 'timestamp': (0.98, 1.24)}];1,0;1,0;1,0;0,7
./audios/SP_DID_250_2219.58496_2220.3013.wav;2219,58496;2220,3013;ele asseGUra;ele assegura;0,7163399999999456;assegura;;[{'text': 'assegura', 'timestamp': (1.06, 1.56)}];0,5;0,5;0,5;0,3333333333333333
./audios/SP_DID_250_2221.88206_2223.8.wav;2221,88206;2223,8;que eu tenho fundos no banco para;que eu tenho fundos no banco para;1,9179400000002715;eu tenho fundos no banco para;;[{'text': 'eu', 'timestamp': (0.1, 0.14)}, {'text': 'tenho', 'timestamp': (0.28, 0.56)}, {'text': 'fundos', 'timestamp': (0.74, 1.02)}, {'text': 'no', 'timestamp': (1.08, 1.14)}, {'text': 'banco', 'timestamp': (1.24, 1.46)}, {'text': 'para', 'timestamp': (1.6, 1.8)}];0,14285714285714285;0,14285714285714285;0,1428571428571429;0,12121212121212122
./audios/SP_DID_250_2223.88415_2225.3426.wav;2223,88415;2225,3426;o pagamento daquela importância;o pagamento daquela importância;1,4584500000000844;o pagamento daquela importância;;[{'text': 'o', 'timestamp': (0.06, 0.1)}, {'text': 'pagamento', 'timestamp': (0.14, 0.5)}, {'text': 'daquela', 'timestamp': (0.56, 0.8)}, {'text': 'importância', 'timestamp': (0.84, 1.34)}];0,0;0,0;0,0;0,0
./audios/SP_DID_250_2226.0105_2227.11215.wav;2226,0105;2227,11215;esse é o cheque visado;esse é o cheque visado;1,1016500000000633;isso é o cheque de sade;;[{'text': 'isso', 'timestamp': (0.02, 0.14)}, {'text': 'é', 'timestamp': (0.16, 0.18)}, {'text': 'o', 'timestamp': (0.24, 0.26)}, {'text': 'cheque', 'timestamp': (0.3, 0.5)}, {'text': 'de', 'timestamp': (0.56, 0.62)}, {'text': 'sade', 'timestamp': (0.74, 1.04)}];0,6;0,5;0,7;0,2727272727272727
./audios/SP_DID_250_2228.10725_2230.63224.wav;2228,10725;2230,63224;mas só no caso de operações muito voltosas;mas só no caso de operações muito voltosas;2,524989999999889;mas só no caso de operações muito gostosas;;[{'text': 'mas', 'timestamp': (0.04, 0.12)}, {'text': 'só', 'timestamp': (0.18, 0.24)}, {'text': 'no', 'timestamp': (0.32, 0.38)}, {'text': 'caso', 'timestamp': (0.48, 0.66)}, {'text': 'de', 'timestamp': (0.76, 0.8)}, {'text': 'operações', 'timestamp': (0.86, 1.34)}, {'text': 'muito', 'timestamp': (1.4, 1.52)}, {'text': 'gostosas', 'timestamp': (1.62, 2.48)}];0,125;0,125;0,234375;0,047619047619047616
./audios/SP_DID_250_2231.84748_2232.6718.wav;2231,84748;2232,6718;ou noutras talvez;ou noutras talvez;0,8243200000001707;o note está dentro;;[{'text': 'o', 'timestamp': (1.06, 1.08)}, {'text': 'note', 'timestamp': (1.16, 1.42)}, {'text': 'está', 'timestamp': (1.46, 1.58)}, {'text': 'dentro', 'timestamp': (1.7, 1.92)}];1,3333333333333333;1,0;1,0;0,7647058823529411
./audios/SP_DID_250_2233.1732_2234.7451.wav;2233,1732;2234,7451;bom são as modalidades que eu conheço;bom são as modalidades que eu conheço;1,5718999999999141;bom são as modalidades que eu conheço;;[{'text': 'bom', 'timestamp': (0.04, 0.12)}, {'text': 'são', 'timestamp': (0.28, 0.36)}, {'text': 'as', 'timestamp': (0.42, 0.46)}, {'text': 'modalidades', 'timestamp': (0.52, 1.02)}, {'text': 'que', 'timestamp': (1.08, 1.14)}, {'text': 'eu', 'timestamp': (1.16, 1.22)}, {'text': 'conheço', 'timestamp': (1.28, 1.52)}];0,0;0,0;0,0;0,0
./audios/SP_DID_250_2234.7451_2236.04559.wav;2234,7451;2236,04559;pode ser que haja outras;pode ser que haja outras;1,3004900000000816;pode ser que haja outra;;[{'text': 'pode', 'timestamp': (0.1, 0.26)}, {'text': 'ser', 'timestamp': (0.34, 0.42)}, {'text': 'que', 'timestamp': (0.52, 0.6)}, {'text': 'haja', 'timestamp': (0.64, 0.84)}, {'text': 'outra', 'timestamp': (0.96, 1.22)}];0,2;0,2;0,3599999999999999;0,041666666666666664
./audios/SP_DID_250_2237.4308_2237.92471.wav;2237,4308;2237,92471; não sei;não sei;0,493909999999687;não sei;;[{'text': 'não', 'timestamp': (1.06, 1.14)}, {'text': 'sei', 'timestamp': (1.24, 1.4)}];0,0;0,0;0,0;0,0
./audios/SP_DID_250_2247.92479_2253.00322.wav;2247,92479;2253,00322;olha aqui eu também eu vou dar uma resposta:: que eu diria um pouco::;olha aqui eu também eu vou dar uma resposta que eu diria um pouco;5,078430000000026;olha aqui também eu vou dar uma resposta que eu diria um pouco;;[{'text': 'olha', 'timestamp': (0.06, 0.24)}, {'text': 'aqui', 'timestamp': (0.44, 0.64)}, {'text': 'também', 'timestamp': (0.8, 1.04)}, {'text': 'eu', 'timestamp': (1.12, 1.18)}, {'text': 'vou', 'timestamp': (1.24, 1.34)}, {'text': 'dar', 'timestamp': (1.42, 1.52)}, {'text': 'uma', 'timestamp': (1.6, 1.68)}, {'text': 'resposta', 'timestamp': (1.82, 2.5)}, {'text': 'que', 'timestamp': (2.94, 3.02)}, {'text': 'eu', 'timestamp': (3.06, 3.1)}, {'text': 'diria', 'timestamp': (3.16, 3.52)}, {'text': 'um', 'timestamp': (3.8, 3.86)}, {'text': 'pouco', 'timestamp': (4.08, 4.48)}];0,07142857142857142;0,07142857142857142;0,0714285714285714;0,046153846153846156
./audios/SP_DID_250_2254.10627_2255.15919.wav;2254,10627;2255,15919;aleatória;aleatória;1,0529199999996308;aleatória;;[{'text': 'aleatória', 'timestamp': (0.16, 0.86)}];0,0;0,0;0,0;0,0
./audios/SP_DID_250_2256.1369_2258.5937.wav;2256,1369;2258,5937;pela simples razão de que eu nunca tive carro;pela simples razão de que eu nunca tive carro;2,45679999999993;pela simples razão de que eu nunca te vi carro;;[{'text': 'pela', 'timestamp': (0.08, 0.24)}, {'text': 'simples', 'timestamp': (0.36, 0.62)}, {'text': 'razão', 'timestamp': (0.7, 0.96)}, {'text': 'de', 'timestamp': (1.02, 1.06)}, {'text': 'que', 'timestamp': (1.16, 1.24)}, {'text': 'eu', 'timestamp': (1.32, 1.38)}, {'text': 'nunca', 'timestamp': (1.46, 1.64)}, {'text': 'te', 'timestamp': (1.74, 1.8)}, {'text': 'vi', 'timestamp': (1.88, 1.94)}, {'text': 'carro', 'timestamp': (2.02, 2.32)}];0,2222222222222222;0,2;0,28888888888888886;0,06666666666666667
./audios/SP_DID_250_2259.72183_2262.42932.wav;2259,72183;2262,42932;e:: não tenho a experiência;e não tenho a experiência;2,7074900000002344;e não tenho a experiência;;[{'text': 'e', 'timestamp': (0.1, 0.12)}, {'text': 'não', 'timestamp': (1.02, 1.12)}, {'text': 'tenho', 'timestamp': (1.28, 1.48)}, {'text': 'a', 'timestamp': (1.54, 1.56)}, {'text': 'experiência', 'timestamp': (1.62, 2.36)}];0,0;0,0;0,0;0,0
./audios/SP_DID_250_2263.63266_2266.86661.wav;2263,63266;2266,86661;não tenho a experiência:::;não tenho a experiência;3,2339499999998225;não tem a experiência;;[{'text': 'não', 'timestamp': (0.1, 0.22)}, {'text': 'tem', 'timestamp': (0.36, 0.52)}, {'text': 'a', 'timestamp': (0.72, 0.76)}, {'text': 'experiência', 'timestamp': (0.78, 1.52)}];0,25;0,25;0,4375;0,13043478260869565
./audios/SP_DID_250_2267.91953_2268.64654.wav;2267,91953;2268,64654;desse caso;desse caso;0,7270100000000639;desse caso;;[{'text': 'desse', 'timestamp': (1.1, 1.32)}, {'text': 'caso', 'timestamp': (1.42, 1.68)}];0,0;0,0;0,0;0,0
./audios/SP_DID_250_2270.75237_2271.22869.wav;2270,75237;2271,22869;mas;mas;0,4763199999997596;mas;;[{'text': 'mas', 'timestamp': (1.12, 1.38)}];0,0;0,0;0,0;0,0
./audios/SP_DID_250_2273.25932_2274.93897.wav;2273,25932;2274,93897;aí também pode acorrer;aí também pode acorrer;1,6796500000000378;aí também pode ocorrer;;[{'text': 'aí', 'timestamp': (0.1, 0.18)}, {'text': 'também', 'timestamp': (0.4, 0.6)}, {'text': 'pode', 'timestamp': (0.74, 0.92)}, {'text': 'ocorrer', 'timestamp': (1.02, 1.46)}];0,25;0,25;0,4375;0,045454545454545456
./audios/SP_DID_250_2275.62066_2279.29319.wav;2275,62066;2279,29319;podem ocorrer duas hipóteses do pagamento à vista e a do pagamento a prazo;podem ocorrer duas hipóteses do pagamento à vista e a do pagamento a prazo;3,672529999999824;podem ocorrer duas hipóteses do pagamento à vista e do pagamento a prazo;;[{'text': 'podem', 'timestamp': (0.04, 0.2)}, {'text': 'ocorrer', 'timestamp': (0.28, 0.54)}, {'text': 'duas', 'timestamp': (0.62, 0.78)}, {'text': 'hipóteses', 'timestamp': (0.84, 1.28)}, {'text': 'do', 'timestamp': (1.38, 1.42)}, {'text': 'pagamento', 'timestamp': (1.52, 1.98)}, {'text': 'à', 'timestamp': (2.08, 2.1)}, {'text': 'vista', 'timestamp': (2.18, 2.44)}, {'text': 'e', 'timestamp': (2.48, 2.5)}, {'text': 'do', 'timestamp': (2.64, 2.7)}, {'text': 'pagamento', 'timestamp': (2.78, 3.16)}, {'text': 'a', 'timestamp': (3.24, 3.26)}, {'text': 'prazo', 'timestamp': (3.36, 3.6)}];0,07142857142857142;0,07142857142857142;0,0714285714285714;0,02702702702702703
./audios/SP_DID_250_2280.94396_2284.83919.wav;2280,94396;2284,83919;o pagamento feito à vista eu creio que não deve oferecer nenhuma::;o pagamento feito à vista eu creio que não deve oferecer nenhuma;3,8952300000000832;o pagamento tanto a vista eu creio que mundo a oferecer nenhuma;;[{'text': 'o', 'timestamp': (0.06, 0.08)}, {'text': 'pagamento', 'timestamp': (0.12, 0.48)}, {'text': 'tanto', 'timestamp': (0.58, 0.78)}, {'text': 'a', 'timestamp': (0.86, 0.88)}, {'text': 'vista', 'timestamp': (0.94, 1.18)}, {'text': 'eu', 'timestamp': (1.22, 1.32)}, {'text': 'creio', 'timestamp': (1.38, 1.58)}, {'text': 'que', 'timestamp': (1.68, 1.74)}, {'text': 'mundo', 'timestamp': (1.84, 2.06)}, {'text': 'a', 'timestamp': (2.24, 2.26)}, {'text': 'oferecer', 'timestamp': (2.3, 2.8)}, {'text': 'nenhuma', 'timestamp': (3.14, 3.5)}];0,3333333333333333;0,3333333333333333;0,5555555555555556;0,171875
./audios/SP_DID_250_2285.68238_2287.33793.wav;2285,68238;2287,33793;nenhuma dificuldade especial;nenhuma dificuldade especial;1,6555499999999483;nenhuma dificuldade especial;;[{'text': 'nenhuma', 'timestamp': (0.08, 0.3)}, {'text': 'dificuldade', 'timestamp': (0.38, 0.92)}, {'text': 'especial', 'timestamp': (1.0, 1.48)}];0,0;0,0;0,0;0,0
./audios/SP_DID_250_2288.40069_2289.51675.wav;2288,40069;2289,51675;é simplesmente;é simplesmente;1,116059999999834;é simplesmente;;[{'text': 'é', 'timestamp': (0.06, 0.08)}, {'text': 'simplesmente', 'timestamp': (0.22, 0.8)}];0,0;0,0;0,0;0,0
./audios/SP_DID_250_2289.63476_2290.69351.wav;2289,63476;2290,69351;o:::;o;1,0587500000001455;eh;;[{'text': 'eh', 'timestamp': (0.06, 0.24)}];1,0;1,0;1,0;2,0
./audios/SP_DID_250_2291.27073_2292.94314.wav;2291,27073;2292,94314;que a::;que a;1,6724099999996724;e a;;[{'text': 'e', 'timestamp': (0.08, 0.1)}, {'text': 'a', 'timestamp': (0.22, 0.24)}];0,5;0,5;0,75;0,4
./audios/SP_DID_250_2294.47795_2297.14166.wav;2294,47795;2297,14166;a revendedora ou a fábrica que me vende o carro;a revendedora ou a fábrica que me vende o carro;2,66370999999981;a revendedora ou a fábrica que me vende o carro;;[{'text': 'a', 'timestamp': (0.06, 0.08)}, {'text': 'revendedora', 'timestamp': (0.14, 0.86)}, {'text': 'ou', 'timestamp': (0.98, 1.04)}, {'text': 'a', 'timestamp': (1.12, 1.16)}, {'text': 'fábrica', 'timestamp': (1.26, 1.66)}, {'text': 'que', 'timestamp': (1.74, 1.82)}, {'text': 'me', 'timestamp': (1.86, 1.92)}, {'text': 'vende', 'timestamp': (1.98, 2.18)}, {'text': 'o', 'timestamp': (2.24, 2.26)}, {'text': 'carro', 'timestamp': (2.32, 2.58)}];0,0;0,0;0,0;0,0
./audios/SP_DID_250_2297.66494_2300.08251.wav;2297,66494;2300,08251;me entregue a documentação habitual;me entregue a documentação habitual;2,417570000000069;no trade a documentação habitual;;[{'text': 'no', 'timestamp': (0.04, 0.16)}, {'text': 'trade', 'timestamp': (0.3, 0.6)}, {'text': 'a', 'timestamp': (0.94, 0.96)}, {'text': 'documentação', 'timestamp': (1.04, 1.76)}, {'text': 'habitual', 'timestamp': (1.82, 2.24)}];0,4;0,4;0,64;0,2
./audios/SP_DID_250_2301.70161_2301.89718.wav;2301,70161;2301,89718;note/;note;0,19556999999986147;mato;;[{'text': 'mato', 'timestamp': (1.04, 1.28)}];1,0;1,0;1,0;0,75
./audios/SP_DID_250_2302.10286_2303.69499.wav;2302,10286;2303,69499;perdão nota de venda;perdão nota de venda;1,5921299999999974;perdão nota de venda;;[{'text': 'perdão', 'timestamp': (0.04, 0.24)}, {'text': 'nota', 'timestamp': (0.48, 0.7)}, {'text': 'de', 'timestamp': (0.78, 0.84)}, {'text': 'venda', 'timestamp': (0.94, 1.28)}];0,0;0,0;0,0;0,0
./audios/SP_DID_250_2304.30286_2305.50564.wav;2304,30286;2305,50564;ahn:::;ah;1,2027800000000752;a;;[{'text': 'a', 'timestamp': (0.06, 0.08)}];1,0;1,0;1,0;0,5
./audios/SP_DID_250_2306.84151_2307.6204.wav;2306,84151;2307,6204;ahn::;ah;0,778889999999592;e;;[{'text': 'e', 'timestamp': (1.06, 1.08)}];1,0;1,0;1,0;1,0
./audios/SP_DID_250_2307.74853_2309.98307.wav;2307,74853;2309,98307;sei lá fatura::s ou ou o que for;sei lá faturas ou ou o que for;2,2345400000003792;sei lá faturas ou ou o que for;;[{'text': 'sei', 'timestamp': (0.0, 0.12)}, {'text': 'lá', 'timestamp': (0.16, 0.22)}, {'text': 'faturas', 'timestamp': (0.44, 1.24)}, {'text': 'ou', 'timestamp': (1.34, 1.44)}, {'text': 'ou', 'timestamp': (1.64, 1.68)}, {'text': 'o', 'timestamp': (1.72, 1.74)}, {'text': 'que', 'timestamp': (1.8, 1.86)}, {'text': 'for', 'timestamp': (1.96, 2.14)}];0,0;0,0;0,0;0,0
./audios/SP_DID_250_2311.81407_2312.52107.wav;2311,81407;2312,52107;recibo;recibo;0,70699999999988;recibo;;[{'text': 'recibo', 'timestamp': (1.08, 1.54)}];0,0;0,0;0,0;0,0
./audios/SP_DID_250_2312.52107_2312.89119.wav;2312,52107;2312,89119; quer dizer;quer dizer;0,37012000000004264;tá você;;[{'text': 'tá', 'timestamp': (1.12, 1.16)}, {'text': 'você', 'timestamp': (1.26, 1.46)}];1,0;1,0;1,0;0,9
./audios/SP_DID_250_2312.89119_2314.75673.wav;2312,89119;2314,75673;todos os documentos que comprovem;todos os documentos que comprovem;1,8655400000002373;todos os documentos que comprassem;;[{'text': 'todos', 'timestamp': (0.12, 0.28)}, {'text': 'os', 'timestamp': (0.34, 0.38)}, {'text': 'documentos', 'timestamp': (0.46, 0.86)}, {'text': 'que', 'timestamp': (0.94, 1.0)}, {'text': 'comprassem', 'timestamp': (1.14, 1.72)}];0,2;0,2;0,3599999999999999;0,09090909090909091
./audios/SP_DID_250_2315.02849_2315.81839.wav;2315,02849;2315,81839;o meu pagamento;o meu pagamento;0,7898999999997613;o meu pagamento;;[{'text': 'o', 'timestamp': (1.04, 1.06)}, {'text': 'meu', 'timestamp': (1.16, 1.26)}, {'text': 'pagamento', 'timestamp': (1.36, 1.8)}];0,0;0,0;0,0;0,0
./audios/SP_DID_250_2316.15281_2317.91901.wav;2316,15281;2317,91901;pronto o carro está adquirido;pronto o carro está adquirido;1,7662000000000262;pronto o carro tá adquirido;;[{'text': 'pronto', 'timestamp': (0.08, 0.28)}, {'text': 'o', 'timestamp': (0.38, 0.4)}, {'text': 'carro', 'timestamp': (0.46, 0.64)}, {'text': 'tá', 'timestamp': (0.76, 0.82)}, {'text': 'adquirido', 'timestamp': (1.1, 1.58)}];0,2;0,2;0,3599999999999999;0,06896551724137931
./audios/SP_DID_250_2318.39535_2322.33309.wav;2318,39535;2322,33309;depois então trata-se de obedecer também às exigências do código de trânsito;depois então tratase de obedecer também às exigências do código de trânsito;3,9377400000003036;depois então trata-se de obedecer também as exigências do código de trans;;[{'text': 'depois', 'timestamp': (0.04, 0.34)}, {'text': 'então', 'timestamp': (0.42, 0.66)}, {'text': 'trata-se', 'timestamp': (0.86, 1.3)}, {'text': 'de', 'timestamp': (1.4, 1.44)}, {'text': 'obedecer', 'timestamp': (1.52, 1.96)}, {'text': 'também', 'timestamp': (2.08, 2.26)}, {'text': 'as', 'timestamp': (2.34, 2.38)}, {'text': 'exigências', 'timestamp': (2.46, 3.0)}, {'text': 'do', 'timestamp': (3.06, 3.12)}, {'text': 'código', 'timestamp': (3.2, 3.46)}, {'text': 'de', 'timestamp': (3.5, 3.54)}, {'text': 'trans', 'timestamp': (3.7, 3.9)}];0,25;0,25;0,4375;0,08
./audios/SP_DID_250_2322.53521_2323.09968.wav;2322,53521;2323,09968; suponho eu;suponho eu;0,5644699999998011;suponho;;[{'text': 'suponho', 'timestamp': (1.0, 1.34)}];0,5;0,5;0,5;0,3
./audios/SP_DID_250_2323.52499_2324.72591.wav;2323,52499;2324,72591;registrar o carro;registrar o carro;1,2009200000002238;registrar o carro;;[{'text': 'registrar', 'timestamp': (0.02, 0.46)}, {'text': 'o', 'timestamp': (0.54, 0.56)}, {'text': 'carro', 'timestamp': (0.62, 0.98)}];0,0;0,0;0,0;0,0
./audios/SP_DID_250_2325.10069_2328.33129.wav;2325,10069;2328,33129;então entra esse problema todo de de de DETRAN;então entra esse problema todo de de de detran;3,2305999999998676;então entre esse problema todo de de detrás;;[{'text': 'então', 'timestamp': (0.04, 0.22)}, {'text': 'entre', 'timestamp': (0.32, 0.46)}, {'text': 'esse', 'timestamp': (0.5, 0.62)}, {'text': 'problema', 'timestamp': (0.68, 0.98)}, {'text': 'todo', 'timestamp': (1.14, 1.32)}, {'text': 'de', 'timestamp': (1.44, 1.5)}, {'text': 'de', 'timestamp': (1.96, 2.2)}, {'text': 'detrás', 'timestamp': (2.42, 3.16)}];0,3333333333333333;0,3333333333333333;0,5;0,13043478260869565
./audios/SP_DID_250_2328.57974_2330.84944.wav;2328,57974;2330,84944;e dê cê não sei o quê essa trapalhada toda;e dê cê não sei o quê essa trapalhada toda;2,2696999999998297;e descendo seu que essa trapalhada toda;;[{'text': 'e', 'timestamp': (0.04, 0.06)}, {'text': 'descendo', 'timestamp': (0.18, 0.56)}, {'text': 'seu', 'timestamp': (0.68, 0.78)}, {'text': 'que', 'timestamp': (0.9, 0.98)}, {'text': 'essa', 'timestamp': (1.22, 1.36)}, {'text': 'trapalhada', 'timestamp': (1.46, 1.92)}, {'text': 'toda', 'timestamp': (2.08, 2.22)}];0,6;0,6;0,7714285714285715;0,21428571428571427
./audios/SP_DID_250_2332.44519_2334.86649.wav;2332,44519;2334,86649;supõe-se que o sujeito que adquiriu um carro já esteja;supõese que o sujeito que adquiriu um carro já esteja;2,421299999999974;supõe-se que o seio que adquiriu um carro já esteja;;[{'text': 'supõe-se', 'timestamp': (0.04, 0.44)}, {'text': 'que', 'timestamp': (0.5, 0.56)}, {'text': 'o', 'timestamp': (0.6, 0.62)}, {'text': 'seio', 'timestamp': (0.68, 0.84)}, {'text': 'que', 'timestamp': (0.88, 0.98)}, {'text': 'adquiriu', 'timestamp': (1.0, 1.34)}, {'text': 'um', 'timestamp': (1.4, 1.44)}, {'text': 'carro', 'timestamp': (1.54, 1.74)}, {'text': 'já', 'timestamp': (1.84, 1.9)}, {'text': 'esteja', 'timestamp': (1.96, 2.36)}];0,2;0,2;0,3599999999999999;0,07547169811320754
./audios/SP_DID_250_2335.30864_2335.81897.wav;2335,30864;2335,81897;com a sua;com a sua;0,5103299999996125;asua;;[{'text': 'asua', 'timestamp': (1.06, 1.38)}];1,0;1,0;1,0;0,5555555555555556
./audios/SP_DID_250_2336.13479_2337.67178.wav;2336,13479;2337,67178; documentação de motorista;documentação de motorista;1,5369900000000598;documentação de motorista;;[{'text': 'documentação', 'timestamp': (0.06, 0.66)}, {'text': 'de', 'timestamp': (0.74, 0.78)}, {'text': 'motorista', 'timestamp': (0.88, 1.42)}];0,0;0,0;0,0;0,0
./audios/SP_DID_250_2337.82338_2338.30764.wav;2337,82338;2338,30764;em ordem;em ordem;0,48426000000017666;em ordem;;[{'text': 'em', 'timestamp': (1.04, 1.1)}, {'text': 'ordem', 'timestamp': (1.18, 1.46)}];0,0;0,0;0,0;0,0
./audios/SP_DID_250_2338.80453_2341.88775.wav;2338,80453;2341,88775;ou então o motorista que vai guiar para ele já tenha CARta;ou então o motorista que vai guiar para ele já tenha carta;3,083219999999983;ou então o motorista que vai de a para ele já tem a carta;;[{'text': 'ou', 'timestamp': (0.04, 0.08)}, {'text': 'então', 'timestamp': (0.1, 0.26)}, {'text': 'o', 'timestamp': (0.36, 0.38)}, {'text': 'motorista', 'timestamp': (0.42, 0.88)}, {'text': 'que', 'timestamp': (0.98, 1.04)}, {'text': 'vai', 'timestamp': (1.12, 1.24)}, {'text': 'de', 'timestamp': (1.3, 1.34)}, {'text': 'a', 'timestamp': (1.4, 1.42)}, {'text': 'para', 'timestamp': (1.54, 1.64)}, {'text': 'ele', 'timestamp': (1.72, 1.86)}, {'text': 'já', 'timestamp': (1.96, 2.02)}, {'text': 'tem', 'timestamp': (2.14, 2.3)}, {'text': 'a', 'timestamp': (2.38, 2.4)}, {'text': 'carta', 'timestamp': (2.52, 2.96)}];0,3333333333333333;0,2857142857142857;0,40476190476190477;0,10344827586206896
./audios/SP_DID_250_2342.22041_2343.1504.wav;2342,22041;2343,1504;e tudo mais;e tudo mais;0,9299900000000889;e tudo mais;;[{'text': 'e', 'timestamp': (1.02, 1.04)}, {'text': 'tudo', 'timestamp': (1.14, 1.26)}, {'text': 'mais', 'timestamp': (1.34, 1.54)}];0,0;0,0;0,0;0,0
./audios/SP_DID_250_2343.85507_2347.53353.wav;2343,85507;2347,53353;éh:: satisfeitas essas exigências lacrado o carro;eh satisfeitas essas exigências lacrado o carro;3,6784600000000864;e satisfeito dessas exigências lacrado o carro;;[{'text': 'e', 'timestamp': (0.86, 0.88)}, {'text': 'satisfeito', 'timestamp': (0.94, 1.38)}, {'text': 'dessas', 'timestamp': (1.46, 1.68)}, {'text': 'exigências', 'timestamp': (1.72, 2.26)}, {'text': 'lacrado', 'timestamp': (2.36, 2.8)}, {'text': 'o', 'timestamp': (2.86, 2.88)}, {'text': 'carro', 'timestamp': (3.0, 3.3)}];0,42857142857142855;0,42857142857142855;0,6734693877551021;0,0851063829787234
./audios/SP_DID_250_2347.91252_2349.07474.wav;2347,91252;2349,07474;ahn::;ah;1,1622200000001612;no;;[{'text': 'no', 'timestamp': (0.22, 0.46)}];1,0;1,0;1,0;1,0
./audios/SP_DID_250_2349.36108_2350.65805.wav;2349,36108;2350,65805;colocada a chapa;colocada a chapa;1,2969699999998738;colocada a chapa;;[{'text': 'colocada', 'timestamp': (0.06, 0.52)}, {'text': 'a', 'timestamp': (0.54, 0.56)}, {'text': 'chapa', 'timestamp': (0.66, 1.08)}];0,0;0,0;0,0;0,0
./audios/SP_DID_250_2351.2123_2352.58507.wav;2351,2123;2352,58507;e todas as coisas que o;e todas as coisas que o;1,3727699999999459;e todas as coisas que o;;[{'text': 'e', 'timestamp': (0.04, 0.06)}, {'text': 'todas', 'timestamp': (0.22, 0.44)}, {'text': 'as', 'timestamp': (0.54, 0.6)}, {'text': 'coisas', 'timestamp': (0.7, 0.98)}, {'text': 'que', 'timestamp': (1.08, 1.16)}, {'text': 'o', 'timestamp': (1.22, 1.24)}];0,0;0,0;0,0;0,0
./audios/SP_DID_250_2353.19987_2354.73789.wav;2353,19987;2354,73789;que o:: código de trânsito exige;que o código de trânsito exige;1,5380199999999604;que o corte de trânsito existe;;[{'text': 'que', 'timestamp': (0.0, 0.14)}, {'text': 'o', 'timestamp': (0.16, 0.18)}, {'text': 'corte', 'timestamp': (0.44, 0.66)}, {'text': 'de', 'timestamp': (0.74, 0.8)}, {'text': 'trânsito', 'timestamp': (0.88, 1.2)}, {'text': 'existe', 'timestamp': (1.26, 1.5)}];0,3333333333333333;0,3333333333333333;0,5555555555555556;0,23333333333333334
./audios/SP_DID_250_2355.22636_2357.18024.wav;2355,22636;2357,18024;código nacional de trânsito exige;código nacional de trânsito exige;1,9538800000000265;pode como nacional de trânsito exige;;[{'text': 'pode', 'timestamp': (0.0, 0.22)}, {'text': 'como', 'timestamp': (0.26, 0.46)}, {'text': 'nacional', 'timestamp': (0.48, 0.76)}, {'text': 'de', 'timestamp': (0.82, 0.86)}, {'text': 'trânsito', 'timestamp': (0.98, 1.4)}, {'text': 'exige', 'timestamp': (1.52, 1.88)}];0,4;0,3333333333333333;0,4666666666666667;0,21212121212121213
./audios/SP_DID_250_2358.54878_2359.34129.wav;2358,54878;2359,34129;não há problema;não há problema;0,7925099999997656;não há problema;;[{'text': 'não', 'timestamp': (1.08, 1.16)}, {'text': 'há', 'timestamp': (1.2, 1.26)}, {'text': 'problema', 'timestamp': (1.36, 1.66)}];0,0;0,0;0,0;0,0
./audios/SP_DID_250_2359.34129_2361.16799.wav;2359,34129;2361,16799;agora se ele adquirir a prazo;agora se ele adquirir a prazo;1,8267000000000735;agora se eu lhe adquirir a prazo;;[{'text': 'agora', 'timestamp': (0.04, 0.26)}, {'text': 'se', 'timestamp': (0.38, 0.42)}, {'text': 'eu', 'timestamp': (0.48, 0.52)}, {'text': 'lhe', 'timestamp': (0.54, 0.62)}, {'text': 'adquirir', 'timestamp': (0.66, 1.08)}, {'text': 'a', 'timestamp': (1.16, 1.18)}, {'text': 'prazo', 'timestamp': (1.28, 1.7)}];0,3333333333333333;0,2857142857142857;0,40476190476190477;0,10344827586206896
./audios/SP_DID_250_2362.29652_2364.5159.wav;2362,29652;2364,5159;aí eu acho que as cautelas são mais até;aí eu acho que as cautelas são mais até;2,219380000000001;aí eu acho que as cautelas sou mais até;;[{'text': 'aí', 'timestamp': (0.04, 0.12)}, {'text': 'eu', 'timestamp': (0.22, 0.3)}, {'text': 'acho', 'timestamp': (0.36, 0.5)}, {'text': 'que', 'timestamp': (0.58, 0.66)}, {'text': 'as', 'timestamp': (0.72, 0.76)}, {'text': 'cautelas', 'timestamp': (0.84, 1.26)}, {'text': 'sou', 'timestamp': (1.36, 1.46)}, {'text': 'mais', 'timestamp': (1.52, 1.72)}, {'text': 'até', 'timestamp': (1.8, 2.0)}];0,1111111111111111;0,1111111111111111;0,2098765432098766;0,05128205128205128
./audios/SP_DID_250_2364.81066_2367.00849.wav;2364,81066;2367,00849;de quem vende do que de quem compra;de quem vende do que de quem compra;2,1978300000000672;de quem vende do que de quem compra;;[{'text': 'de', 'timestamp': (0.06, 0.12)}, {'text': 'quem', 'timestamp': (0.22, 0.36)}, {'text': 'vende', 'timestamp': (0.5, 0.78)}, {'text': 'do', 'timestamp': (0.9, 0.96)}, {'text': 'que', 'timestamp': (1.04, 1.12)}, {'text': 'de', 'timestamp': (1.28, 1.32)}, {'text': 'quem', 'timestamp': (1.4, 1.58)}, {'text': 'compra', 'timestamp': (1.78, 2.14)}];0,0;0,0;0,0;0,0
./audios/SP_DID_250_2367.00849_2367.24741.wav;2367,00849;2367,24741;não é?;não é;0,23891999999977998;camata;;[{'text': 'camata', 'timestamp': (0.94, 1.24)}];1,0;1,0;1,0;1,2
./audios/SP_DID_250_2367.54979_2368.43409.wav;2367,54979;2368,43409;mas são as;mas são as;0,8843000000001666;mas são acho;;[{'text': 'mas', 'timestamp': (1.08, 1.22)}, {'text': 'são', 'timestamp': (1.32, 1.54)}, {'text': 'acho', 'timestamp': (1.72, 1.94)}];0,3333333333333333;0,3333333333333333;0,5555555555555556;0,3
./audios/SP_DID_250_2368.56041_2369.64684.wav;2368,56041;2369,64684; são o::;são o;1,0864299999998366;e são o;;[{'text': 'e', 'timestamp': (0.1, 0.12)}, {'text': 'são', 'timestamp': (0.16, 0.4)}, {'text': 'o', 'timestamp': (0.6, 0.62)}];0,5;0,3333333333333333;0,33333333333333337;0,4
./audios/SP_DID_250_2369.89107_2370.73326.wav;2369,89107;2370,73326;os títulos as;os títulos as;0,8421899999998459;os títulos acha;;[{'text': 'os', 'timestamp': (1.08, 1.14)}, {'text': 'títulos', 'timestamp': (1.24, 1.66)}, {'text': 'acha', 'timestamp': (1.74, 2.18)}];0,3333333333333333;0,3333333333333333;0,5555555555555556;0,23076923076923078
./audios/SP_DID_250_2370.8259_2372.01339.wav;2370,8259;2372,01339;promissórias os;promissórias os;1,1874900000002526;promissória azul;;[{'text': 'promissória', 'timestamp': (0.04, 0.74)}, {'text': 'azul', 'timestamp': (0.82, 1.06)}];1,0;1,0;1,0;0,3333333333333333
./audios/SP_DID_250_2372.40922_2373.38616.wav;2372,40922;2373,38616;o:: ou o que for;o ou o que for;0,9769400000000132;ou o que for;;[{'text': 'ou', 'timestamp': (1.36, 1.4)}, {'text': 'o', 'timestamp': (1.44, 1.46)}, {'text': 'que', 'timestamp': (1.52, 1.6)}, {'text': 'for', 'timestamp': (1.72, 1.9)}];0,2;0,2;0,19999999999999996;0,14285714285714285
./audios/SP_DID_250_2373.97569_2375.29516.wav;2373,97569;2375,29516;que devem de estar em ordem;que devem de estar em ordem;1,3194699999999102;que devem estar em ordem;;[{'text': 'que', 'timestamp': (0.0, 0.08)}, {'text': 'devem', 'timestamp': (0.16, 0.4)}, {'text': 'estar', 'timestamp': (0.5, 0.8)}, {'text': 'em', 'timestamp': (0.86, 0.9)}, {'text': 'ordem', 'timestamp': (0.98, 1.24)}];0,16666666666666666;0,16666666666666666;0,16666666666666663;0,1111111111111111
